##FastQC	0.11.9
>>Basic Statistics	pass
#Measure	Value
Filename	phred25_SRR492407_2.fastq
File type	Conventional base calls
Encoding	Sanger / Illumina 1.9
Total Sequences	45521342
Sequences flagged as poor quality	0
Sequence length	0-101
%GC	39
>>END_MODULE
>>Per base sequence quality	fail
#Base	Mean	Median	Lower Quartile	Upper Quartile	10th Percentile	90th Percentile
1	36.71244551583222	39.0	36.0	39.0	32.0	39.0
2	36.49019758388518	39.0	36.0	39.0	31.0	39.0
3	36.32650537672558	39.0	36.0	39.0	31.0	39.0
4	36.32570634489744	39.0	36.0	39.0	31.0	39.0
5	36.31033802497834	39.0	36.0	39.0	31.0	39.0
6	36.23356043891056	39.0	36.0	39.0	31.0	39.0
7	36.12230642855616	39.0	36.0	39.0	31.0	39.0
8	36.11105789797931	39.0	36.0	39.0	31.0	39.0
9	35.963859483277254	39.0	36.0	39.0	30.0	39.0
10-11	35.96678496985501	39.0	36.0	39.0	30.5	39.0
12-13	35.80669999668546	38.0	36.0	39.0	30.0	39.0
14-15	35.65055395503208	38.0	35.0	39.0	29.5	39.0
16-17	35.46173727166517	38.0	35.0	39.0	29.0	39.0
18-19	35.22151062127996	38.0	35.0	39.0	28.0	39.0
20-21	34.95351850037039	37.5	35.0	39.0	27.5	39.0
22-23	34.58293991630869	37.0	34.0	39.0	27.0	39.0
24-25	34.21049268386216	37.0	33.0	39.0	25.5	39.0
26-27	33.79700644402841	37.0	33.0	39.0	24.5	39.0
28-29	33.6328560915792	37.0	33.0	39.0	24.0	39.0
30-31	33.51072862719003	37.0	33.0	39.0	24.0	39.0
32-33	33.27118629699604	36.5	32.5	39.0	23.0	39.0
34-35	32.96462765367133	36.0	32.0	39.0	22.5	39.0
36-37	33.233823823770244	36.0	32.5	39.0	23.0	39.0
38-39	33.09483105904785	36.0	32.0	39.0	23.0	39.0
40-41	33.13431422018749	36.0	32.5	39.0	23.5	39.0
42-43	33.058547210287784	36.0	32.5	39.0	23.0	39.0
44-45	32.796259582151194	36.0	32.0	39.0	22.5	39.0
46-47	32.336484531798135	36.0	31.5	38.0	20.5	39.0
48-49	31.86379232572798	36.0	31.0	37.0	19.5	39.0
50-51	31.899888006501698	35.5	31.0	38.0	18.5	39.0
52-53	31.955700229380184	36.0	31.0	38.0	17.5	39.0
54-55	31.51522042335237	36.0	30.0	38.0	15.0	39.0
56-57	31.703810221999696	36.0	31.0	39.0	13.0	39.0
58-59	31.24018550111526	36.0	30.0	38.0	11.5	39.0
60-61	30.894593747498057	36.0	29.5	38.0	5.0	39.0
62-63	30.38764715197287	35.0	29.0	38.0	2.0	39.0
64-65	30.005150170048577	35.0	28.0	37.5	2.0	39.0
66-67	29.507720516950016	35.0	27.5	37.0	2.0	39.0
68-69	29.133219104213847	34.5	27.0	37.0	2.0	39.0
70-71	28.530800984813695	34.0	25.5	37.0	2.0	39.0
72-73	28.0214765795997	34.0	24.5	37.0	2.0	39.0
74-75	27.480813336916174	33.5	23.5	37.0	2.0	39.0
76-77	26.82672067179189	33.0	21.5	36.5	2.0	38.5
78-79	26.242649509191715	32.5	20.0	36.0	2.0	38.0
80-81	25.446007499585818	32.0	16.0	36.0	2.0	38.0
82-83	24.725885448893266	31.5	12.0	36.0	2.0	37.0
84-85	23.95360341009792	30.5	3.0	35.0	2.0	37.0
86-87	22.84290425689963	29.5	2.0	35.0	2.0	37.0
88-89	22.178484274033664	29.0	2.0	35.0	2.0	37.0
90-91	21.18172779147977	27.5	2.0	34.0	2.0	36.5
92-93	20.228836612914307	26.5	2.0	34.0	2.0	36.0
94-95	19.427005251114597	25.0	2.0	33.5	2.0	36.0
96-97	18.128141052512575	22.0	2.0	33.0	2.0	36.0
98-99	17.335337590372234	20.0	2.0	32.0	2.0	35.5
100-101	16.676343302361623	17.0	2.0	32.0	2.0	35.5
>>END_MODULE
>>Per tile sequence quality	pass
#Tile	Base	Mean
1101	1	0.3661574706507338
1101	2	0.4043449709720335
1101	3	0.3963777354990654
1101	4	0.5079971089906934
1101	5	0.3951279050953005
1101	6	0.4183247054376551
1101	7	0.42235407305929584
1101	8	0.4618178735476519
1101	9	0.39378197346225363
1101	10-11	0.6347080776682361
1101	12-13	0.6634695272862032
1101	14-15	0.6870633872184868
1101	16-17	0.7406278865186664
1101	18-19	0.7367493272073702
1101	20-21	0.7613414905583298
1101	22-23	0.9015956331841153
1101	24-25	0.6817283306080313
1101	26-27	0.6889491429681414
1101	28-29	0.710502823174707
1101	30-31	0.9010694035015163
1101	32-33	0.9936347504256702
1101	34-35	1.0838667920227962
1101	36-37	0.9253107178995563
1101	38-39	0.9101438907154744
1101	40-41	0.9624529055484814
1101	42-43	0.9177432645461963
1101	44-45	0.8851884180111895
1101	46-47	0.9890223046608426
1101	48-49	1.0669311513415813
1101	50-51	1.0904531787406206
1101	52-53	1.1249932160649365
1101	54-55	1.140122882148951
1101	56-57	0.8717695559571723
1101	58-59	1.0123082490528468
1101	60-61	0.9328307566972249
1101	62-63	0.9281251902615182
1101	64-65	0.9670777050195909
1101	66-67	0.709535360034355
1101	68-69	0.8828640562469907
1101	70-71	0.8652458765036357
1101	72-73	0.9410464566236776
1101	74-75	1.0693744054660677
1101	76-77	1.0536841560874421
1101	78-79	1.1405218353082702
1101	80-81	1.237418823447026
1101	82-83	1.1781092707091503
1101	84-85	1.2080512918138986
1101	86-87	1.3455604104318795
1101	88-89	1.1011535830953605
1101	90-91	1.283609296229507
1101	92-93	0.972113531393024
1101	94-95	1.1481031906288308
1101	96-97	1.4425333738506225
1101	98-99	1.5424719055409213
1101	100-101	1.3697851980674294
1102	1	0.677426760770075
1102	2	0.733654453082238
1102	3	0.756193937480262
1102	4	0.7181269756798727
1102	5	0.7001767636233609
1102	6	0.7162699036746005
1102	7	0.7407672532279577
1102	8	0.6267627716857262
1102	9	0.6211572936900183
1102	10-11	0.403263787484498
1102	12-13	0.11639300179053436
1102	14-15	0.09251247239337346
1102	16-17	-0.022459423904997777
1102	18-19	-0.016697464524398242
1102	20-21	0.06845050933445407
1102	22-23	0.09602949197130073
1102	24-25	0.27131902261362484
1102	26-27	0.786308340660085
1102	28-29	0.8774806149402679
1102	30-31	0.9797172359937676
1102	32-33	1.0749392328348648
1102	34-35	1.037288204946897
1102	36-37	0.9373783001709697
1102	38-39	0.8452426443016776
1102	40-41	0.6251907641735315
1102	42-43	0.47065872544372667
1102	44-45	0.35921554987568527
1102	46-47	0.052372571898935405
1102	48-49	0.11151344433343624
1102	50-51	0.1521566272931416
1102	52-53	0.2537225224948827
1102	54-55	0.351995722491516
1102	56-57	0.6674136188274744
1102	58-59	0.9032532602700734
1102	60-61	0.9416911574185107
1102	62-63	0.9587220558350822
1102	64-65	0.982191032896214
1102	66-67	0.873229891217651
1102	68-69	0.9468555427416554
1102	70-71	0.7800429199760046
1102	72-73	0.6608986998042745
1102	74-75	0.6575602288882685
1102	76-77	0.2686960939737446
1102	78-79	0.30028784989079327
1102	80-81	0.03902040737730417
1102	82-83	-0.07539219347669146
1102	84-85	0.013701384375295333
1102	86-87	0.15806346817787187
1102	88-89	-0.0044140420256724155
1102	90-91	0.3154575906080339
1102	92-93	0.2859993568938357
1102	94-95	0.49175443143454345
1102	96-97	0.7878744546710692
1102	98-99	0.8902189748559621
1102	100-101	0.7569853886475109
1103	1	0.3062372207122408
1103	2	0.3776331213238464
1103	3	0.37052514898537936
1103	4	0.4060536792144589
1103	5	0.3764500437668019
1103	6	0.4047517356364523
1103	7	0.4380933753788554
1103	8	0.40945023137355463
1103	9	0.43950415135604004
1103	10-11	0.44801094776420314
1103	12-13	0.5137420883074029
1103	14-15	0.49725535718214786
1103	16-17	0.6073884295108414
1103	18-19	0.635560878937163
1103	20-21	0.6483109591506704
1103	22-23	0.6578238473432592
1103	24-25	0.5977955649535858
1103	26-27	0.5388295681806667
1103	28-29	0.5724407351575493
1103	30-31	0.5384650737086929
1103	32-33	0.5206986916136884
1103	34-35	0.504444530140141
1103	36-37	0.5097185070661183
1103	38-39	0.5181882557395383
1103	40-41	0.5708448580518493
1103	42-43	0.505157196414217
1103	44-45	0.4650144180981002
1103	46-47	0.4248508027033395
1103	48-49	0.43746428451727226
1103	50-51	0.5339441061304377
1103	52-53	0.5803457001806436
1103	54-55	0.6652150600514162
1103	56-57	0.6726712450518164
1103	58-59	0.6610240518130475
1103	60-61	0.4777743568454511
1103	62-63	0.40759714838029737
1103	64-65	0.4467083930685476
1103	66-67	0.458534396107634
1103	68-69	0.4502146291008948
1103	70-71	0.5300869747799517
1103	72-73	0.5427793941477148
1103	74-75	0.5599982724319368
1103	76-77	0.5704095427891644
1103	78-79	0.674384951815739
1103	80-81	0.630167542508925
1103	82-83	0.5718751194199214
1103	84-85	0.7404135995090826
1103	86-87	0.7146696122607921
1103	88-89	0.5155828912404488
1103	90-91	0.6616062658482065
1103	92-93	0.26776401480303846
1103	94-95	0.32247258153703484
1103	96-97	0.3345188040080238
1103	98-99	0.4128601776303178
1103	100-101	0.4788739253598493
1104	1	0.41112912239805155
1104	2	0.39148410743081996
1104	3	0.4312051827805661
1104	4	0.4146176139243778
1104	5	0.41679733812016195
1104	6	0.4226616240360741
1104	7	0.43568917216387604
1104	8	0.37124972257841193
1104	9	0.38484940180184424
1104	10-11	0.28753607316371443
1104	12-13	0.24159025397626266
1104	14-15	0.187551097793083
1104	16-17	0.12013498092367314
1104	18-19	0.11715583325849366
1104	20-21	0.10653216038868862
1104	22-23	0.18042029443690666
1104	24-25	0.21037464569604936
1104	26-27	0.48988722019585396
1104	28-29	0.5122946482848931
1104	30-31	0.5098669044452677
1104	32-33	0.48390810803293505
1104	34-35	0.41753842421180565
1104	36-37	0.45150120375375735
1104	38-39	0.30800286802933385
1104	40-41	0.07618905060724757
1104	42-43	-0.002638047793880105
1104	44-45	-0.023818766180561113
1104	46-47	0.12452054534124102
1104	48-49	0.12365427776071769
1104	50-51	0.11289890953442594
1104	52-53	0.2706993275298686
1104	54-55	0.24330993469214235
1104	56-57	0.35503343211624383
1104	58-59	0.3628529537295151
1104	60-61	0.4853681300690802
1104	62-63	0.5994833210012231
1104	64-65	0.5761851590516258
1104	66-67	0.6059419706477733
1104	68-69	0.5810889879632484
1104	70-71	0.3631200481607131
1104	72-73	0.18560602840924645
1104	74-75	0.140979119286758
1104	76-77	0.21475832007225648
1104	78-79	0.33891552883602927
1104	80-81	0.4385665592194776
1104	82-83	0.47144323713757785
1104	84-85	0.7087090514317183
1104	86-87	0.9338952851274556
1104	88-89	0.7340516014108118
1104	90-91	0.7813970857245067
1104	92-93	0.6829552488450297
1104	94-95	0.7667358673450124
1104	96-97	0.8352028254292918
1104	98-99	0.9449652391281163
1104	100-101	1.1163798227138493
1105	1	-0.02186971154294781
1105	2	-0.012843427824925868
1105	3	-0.048166107156148996
1105	4	0.0020419659700010584
1105	5	-0.033336946049594474
1105	6	0.008069503782309084
1105	7	0.04936291057533282
1105	8	0.04914601191253354
1105	9	-0.02560884915713757
1105	10-11	0.09137353663174252
1105	12-13	0.1630638309188086
1105	14-15	0.14843633477826756
1105	16-17	0.2382046579625836
1105	18-19	0.24220512282960982
1105	20-21	0.19482421757103907
1105	22-23	0.23977850122011546
1105	24-25	0.1187510365832054
1105	26-27	-0.07688868628468981
1105	28-29	-0.08827420176695
1105	30-31	-0.07832998480819242
1105	32-33	-0.09567312828094998
1105	34-35	-0.10445440751619373
1105	36-37	-0.0347276537443264
1105	38-39	-0.10204108161943992
1105	40-41	0.018198360973968875
1105	42-43	0.028788215381965188
1105	44-45	0.010395560155714634
1105	46-47	0.15579444891633187
1105	48-49	0.1719134365785031
1105	50-51	0.24160625452512718
1105	52-53	0.33247400286886375
1105	54-55	0.3587341677863236
1105	56-57	0.17240876680681083
1105	58-59	0.056528715415606
1105	60-61	-0.06814100946236223
1105	62-63	-0.09530424632916379
1105	64-65	-0.09688903692653383
1105	66-67	-0.024648109537718454
1105	68-69	-0.02166706993179801
1105	70-71	-0.07627238961954674
1105	72-73	-0.11382304146920674
1105	74-75	-0.14978483504867413
1105	76-77	0.0329684090567639
1105	78-79	0.22537223305974052
1105	80-81	0.2625840889320017
1105	82-83	0.3158232168080204
1105	84-85	0.4074852590111995
1105	86-87	0.49092085561537147
1105	88-89	0.28102182627452166
1105	90-91	0.3332196840712207
1105	92-93	0.10886403006319156
1105	94-95	-0.03185722538594504
1105	96-97	-0.034072210898543176
1105	98-99	0.0808869072856524
1105	100-101	0.4130107557479512
1106	1	-0.18023639280985293
1106	2	-0.15561706203923364
1106	3	-0.21764497553915163
1106	4	-0.1440078764508783
1106	5	-0.19696931279536045
1106	6	-0.18637190851072205
1106	7	-0.21511289712253756
1106	8	-0.18215401776126328
1106	9	-0.1857791747635602
1106	10-11	-0.17446190825456398
1106	12-13	-0.1642909364749201
1106	14-15	-0.2096897048189419
1106	16-17	-0.2283207697824139
1106	18-19	-0.27631074585977444
1106	20-21	-0.30228176540267526
1106	22-23	-0.3576770837773182
1106	24-25	-0.35676396761181906
1106	26-27	-0.3466055882822019
1106	28-29	-0.33517811584101764
1106	30-31	-0.404514705448598
1106	32-33	-0.3664766726994557
1106	34-35	-0.39528772096978315
1106	36-37	-0.5390845120163945
1106	38-39	-0.5272826944602187
1106	40-41	-0.4145917990499228
1106	42-43	-0.45538970166416703
1106	44-45	-0.5254213669240713
1106	46-47	-0.5007726522600748
1106	48-49	-0.542569223528286
1106	50-51	-0.540297101436277
1106	52-53	-0.4998801851951704
1106	54-55	-0.44538306998155974
1106	56-57	-0.5151003903398248
1106	58-59	-0.5816285470847014
1106	60-61	-0.584161548602367
1106	62-63	-0.4206525942298178
1106	64-65	-0.4832306147874128
1106	66-67	-0.3816775871886797
1106	68-69	-0.3476557515113683
1106	70-71	-0.5241886579974349
1106	72-73	-0.5988278010530728
1106	74-75	-0.6424694932242581
1106	76-77	-0.7401199597895598
1106	78-79	-0.6113509957416596
1106	80-81	-0.7221163980991854
1106	82-83	-0.7615399697780312
1106	84-85	-0.7790954718280965
1106	86-87	-0.6814624122928841
1106	88-89	-0.8644659199757392
1106	90-91	-0.6796157726770389
1106	92-93	-0.7257292254276031
1106	94-95	-0.8475954345329768
1106	96-97	-0.7504869492953894
1106	98-99	-0.6978475020958399
1106	100-101	-0.44533057206035664
1107	1	-0.5683444639299466
1107	2	-0.6069617733786146
1107	3	-0.6407694200486631
1107	4	-0.5679895840446534
1107	5	-0.6727312391018998
1107	6	-0.7139070352366872
1107	7	-0.6623511834853346
1107	8	-0.6369422080972598
1107	9	-0.7464539241740624
1107	10-11	-0.5858370604005358
1107	12-13	-0.43186516592771085
1107	14-15	-0.4291936297287293
1107	16-17	-0.31059030188987435
1107	18-19	-0.38069651335128185
1107	20-21	-0.32285494713116947
1107	22-23	-0.3837680975256035
1107	24-25	-0.5044926290834013
1107	26-27	-0.6687884266760165
1107	28-29	-0.7164743879358468
1107	30-31	-0.749541396573079
1107	32-33	-0.8988001986666063
1107	34-35	-0.8566334493795509
1107	36-37	-0.8926317734299261
1107	38-39	-0.9315023764265717
1107	40-41	-0.7902300916705585
1107	42-43	-0.6734744369019552
1107	44-45	-0.759443520315223
1107	46-47	-0.5409694122208748
1107	48-49	-0.5809390726577881
1107	50-51	-0.5878745565505206
1107	52-53	-0.531508852111493
1107	54-55	-0.5584763759365501
1107	56-57	-0.7324014898306075
1107	58-59	-0.753991493762836
1107	60-61	-0.8180336386644029
1107	62-63	-0.6886806683313154
1107	64-65	-0.7392647553330924
1107	66-67	-0.6809297409795825
1107	68-69	-0.6393504538378956
1107	70-71	-0.7989326437605513
1107	72-73	-0.8738160945416915
1107	74-75	-0.856221308586516
1107	76-77	-0.6144013582214214
1107	78-79	-0.42395831178244237
1107	80-81	-0.3416214872975871
1107	82-83	-0.35769428846301565
1107	84-85	-0.3144935055446112
1107	86-87	-0.3825644138515756
1107	88-89	-0.42500783582470447
1107	90-91	-0.5800408357069742
1107	92-93	-0.6584915047474205
1107	94-95	-0.7546753943601345
1107	96-97	-0.6004385593567605
1107	98-99	-0.5885945704274675
1107	100-101	-0.4888169099630808
1108	1	-0.8600465192264011
1108	2	-0.8335358318418571
1108	3	-0.9589091075942378
1108	4	-0.7711972751429244
1108	5	-0.874957094056164
1108	6	-0.9167088642439936
1108	7	-0.8519687890232817
1108	8	-0.7991132793616273
1108	9	-0.8523701194780102
1108	10-11	-0.8481237890536235
1108	12-13	-0.8818436620216161
1108	14-15	-0.811656430838795
1108	16-17	-0.7943502574297625
1108	18-19	-0.7739647013006419
1108	20-21	-0.8183501762261756
1108	22-23	-0.924183118615062
1108	24-25	-0.8629339149859376
1108	26-27	-1.0554108645960696
1108	28-29	-1.279842150362768
1108	30-31	-1.4226766072328019
1108	32-33	-1.7396092114914374
1108	34-35	-1.7374854365173604
1108	36-37	-1.4113093806003505
1108	38-39	-1.330560858444457
1108	40-41	-1.005838929756898
1108	42-43	-0.815923953458821
1108	44-45	-0.821130584494064
1108	46-47	-0.6778049802906132
1108	48-49	-0.6723915817741108
1108	50-51	-0.8542069472335463
1108	52-53	-1.02528279037762
1108	54-55	-0.9139896123617035
1108	56-57	-0.8438541177188981
1108	58-59	-0.9215385487182282
1108	60-61	-0.9523490495183999
1108	62-63	-0.8228444593843918
1108	64-65	-0.7615185646763436
1108	66-67	-0.6377197643146921
1108	68-69	-0.6369225274867105
1108	70-71	-0.5990413911333761
1108	72-73	-0.6923817836371242
1108	74-75	-0.6889020435202013
1108	76-77	-0.4585145859401081
1108	78-79	-0.3166003690839858
1108	80-81	-0.3486127061820774
1108	82-83	-0.29306138886569144
1108	84-85	-0.2677796191781283
1108	86-87	-0.47694827441410936
1108	88-89	-0.41568194558387006
1108	90-91	-0.5149387594060109
1108	92-93	-0.5695520379181751
1108	94-95	-0.8304762894186553
1108	96-97	-0.9320101591654577
1108	98-99	-0.9672948219810635
1108	100-101	-1.2892802296478152
1201	1	0.40874189155366025
1201	2	0.4726392311670864
1201	3	0.4506677987395804
1201	4	0.5253459583302131
1201	5	0.46900474242534074
1201	6	0.44398737081961315
1201	7	0.4894003903937332
1201	8	0.5650680670856474
1201	9	0.47421834657183837
1201	10-11	0.6260880516226948
1201	12-13	0.6861076106260029
1201	14-15	0.7094004493111115
1201	16-17	0.7848546126096636
1201	18-19	0.8052023081711539
1201	20-21	0.8618597251102997
1201	22-23	0.9511857494815956
1201	24-25	0.7021822554111452
1201	26-27	0.7514053506462375
1201	28-29	0.8358635464957729
1201	30-31	0.9214034965214708
1201	32-33	1.0279951265499392
1201	34-35	1.002871787893632
1201	36-37	0.9643763523744511
1201	38-39	0.9134391224442808
1201	40-41	0.9586763522694923
1201	42-43	0.9342961622740305
1201	44-45	0.9732179894213644
1201	46-47	1.0250971845877004
1201	48-49	1.071190296009707
1201	50-51	1.1176181370256906
1201	52-53	1.1353579850605442
1201	54-55	1.1645248080257602
1201	56-57	0.8687534200180878
1201	58-59	0.8979044202900575
1201	60-61	0.8765125838508538
1201	62-63	1.0586767884330897
1201	64-65	0.9410893102193363
1201	66-67	0.9709408521866294
1201	68-69	1.0179874855181232
1201	70-71	0.932992992093368
1201	72-73	0.9989919205369198
1201	74-75	0.973550186553954
1201	76-77	1.0694902470590293
1201	78-79	1.1395259908775586
1201	80-81	1.2585314385740816
1201	82-83	1.305317639722027
1201	84-85	1.2884303271175241
1201	86-87	1.2010216368372788
1201	88-89	1.1319405610551776
1201	90-91	1.3109093994501038
1201	92-93	1.4282211761455095
1201	94-95	1.6337513087915454
1201	96-97	1.9634067643746
1201	98-99	1.904777710286389
1201	100-101	1.9369243684817228
1202	1	0.6408504987710373
1202	2	0.6554760910906197
1202	3	0.6904268706897767
1202	4	0.6534150921438453
1202	5	0.5815239868941049
1202	6	0.6055387387807656
1202	7	0.6381456079465053
1202	8	0.5981546443547288
1202	9	0.5741900836249698
1202	10-11	0.39807882331981403
1202	12-13	0.1984539907938725
1202	14-15	0.13438036164382083
1202	16-17	-0.0867761982928954
1202	18-19	0.06763227420199769
1202	20-21	0.06719881073139078
1202	22-23	0.0437372513556511
1202	24-25	0.2674524228699795
1202	26-27	0.8367134209351121
1202	28-29	0.8717962841850806
1202	30-31	1.026827919873753
1202	32-33	1.167321661047552
1202	34-35	1.0953189231788443
1202	36-37	1.0963964267702195
1202	38-39	0.953666022071225
1202	40-41	0.7661540552910324
1202	42-43	0.6094525749334849
1202	44-45	0.524598302916452
1202	46-47	0.028067517766167782
1202	48-49	-0.06722053053325894
1202	50-51	0.0757898552856382
1202	52-53	0.1512747479694383
1202	54-55	0.1666505497219859
1202	56-57	0.6232552784249705
1202	58-59	0.7107283740539643
1202	60-61	0.9476981825546034
1202	62-63	1.1514961663975711
1202	64-65	1.0914031576263419
1202	66-67	1.0209201689770886
1202	68-69	1.0971448990957846
1202	70-71	0.8967917866347648
1202	72-73	0.811463433800764
1202	74-75	0.6611037864920455
1202	76-77	0.325887542645944
1202	78-79	0.26859210566805203
1202	80-81	0.04790083794456379
1202	82-83	-0.012362841502771005
1202	84-85	-0.02250029660438102
1202	86-87	0.042385007156845234
1202	88-89	-0.004507515129336781
1202	90-91	0.44126513746311247
1202	92-93	0.8158933315863557
1202	94-95	0.9468958883085392
1202	96-97	1.3151139200644053
1202	98-99	1.2196785106232646
1202	100-101	1.193291022459146
1203	1	0.32390694793738106
1203	2	0.3749643769658988
1203	3	0.3407094040778347
1203	4	0.40913722343433534
1203	5	0.3947498251460786
1203	6	0.4014681776283595
1203	7	0.3910137200316939
1203	8	0.3598169005586769
1203	9	0.4523160184197508
1203	10-11	0.45580903596356137
1203	12-13	0.5072203090161409
1203	14-15	0.5246317169192096
1203	16-17	0.5491428624011405
1203	18-19	0.6191538635978873
1203	20-21	0.5692293842324005
1203	22-23	0.5907364060982303
1203	24-25	0.5864965341595578
1203	26-27	0.556471271227899
1203	28-29	0.5467161367930089
1203	30-31	0.5470129937048256
1203	32-33	0.5871679513398718
1203	34-35	0.5631194001687874
1203	36-37	0.5610888964938354
1203	38-39	0.5554050393767866
1203	40-41	0.5550445464004028
1203	42-43	0.5137692397002951
1203	44-45	0.4427960859072684
1203	46-47	0.3510664328517734
1203	48-49	0.36037367586672175
1203	50-51	0.45290316780185336
1203	52-53	0.43200887435557433
1203	54-55	0.4488421262266833
1203	56-57	0.5731015903354262
1203	58-59	0.5433512412006145
1203	60-61	0.4876801345591488
1203	62-63	0.4497794272318387
1203	64-65	0.458627067659485
1203	66-67	0.4328250820283124
1203	68-69	0.5197847454024078
1203	70-71	0.45369050401121314
1203	72-73	0.5484225154487952
1203	74-75	0.5189044733161374
1203	76-77	0.46008332672913355
1203	78-79	0.5298004419120232
1203	80-81	0.46838981488279785
1203	82-83	0.42910110896409037
1203	84-85	0.4235098748019155
1203	86-87	0.28165318787497995
1203	88-89	0.3349290062366066
1203	90-91	0.4426266434460082
1203	92-93	0.46488501617628586
1203	94-95	0.4696508994629198
1203	96-97	0.4736936908407756
1203	98-99	0.42746391918037574
1203	100-101	0.4354295559234309
1204	1	0.3380063568032412
1204	2	0.2796516850618431
1204	3	0.327290643495985
1204	4	0.3590186146938805
1204	5	0.27197593743348847
1204	6	0.21031433425825696
1204	7	0.23636157253750412
1204	8	0.24713777303659157
1204	9	0.2265535734439581
1204	10-11	0.1526657021743958
1204	12-13	0.03635600839347575
1204	14-15	0.16375018393971885
1204	16-17	0.010321342613018203
1204	18-19	0.11918918535097589
1204	20-21	0.04407693042734451
1204	22-23	0.04261531144817354
1204	24-25	0.10215292321851166
1204	26-27	0.3274304741322567
1204	28-29	0.3869935003532561
1204	30-31	0.49927207168315135
1204	32-33	0.5121240109582033
1204	34-35	0.4735824437343652
1204	36-37	0.4573091846550099
1204	38-39	0.26485107538726993
1204	40-41	0.04151157192399069
1204	42-43	-0.1141788991541901
1204	44-45	0.013061381122909665
1204	46-47	0.18474040074254106
1204	48-49	0.127112555735156
1204	50-51	0.23867407496532778
1204	52-53	0.3438959959121064
1204	54-55	0.25181127680466986
1204	56-57	0.41025152504440854
1204	58-59	0.3796397426303777
1204	60-61	0.5563459744807986
1204	62-63	0.5175971072608903
1204	64-65	0.5434427521631662
1204	66-67	0.4840883673372325
1204	68-69	0.5198313278113247
1204	70-71	0.20827026714881214
1204	72-73	0.2127552754672699
1204	74-75	0.19806645535703638
1204	76-77	0.13734799515972185
1204	78-79	0.22974258029763917
1204	80-81	0.23279927795739397
1204	82-83	0.449324127989442
1204	84-85	0.45350341795749927
1204	86-87	0.4889992013931632
1204	88-89	0.5577365786195934
1204	90-91	0.474102621892623
1204	92-93	0.6729647271334649
1204	94-95	0.7466534078759075
1204	96-97	0.8083742026711285
1204	98-99	0.7442164534306457
1204	100-101	0.8435150531896305
1205	1	-0.03254258509016239
1205	2	-0.0493920281045348
1205	3	-0.07767197809509696
1205	4	-0.025523753734489674
1205	5	-0.03386592837948399
1205	6	-0.03285344233974996
1205	7	-0.03797951054706772
1205	8	-0.0026086885176255237
1205	9	-0.02211030279748627
1205	10-11	0.05167611292362295
1205	12-13	0.0997128535707148
1205	14-15	0.13757611632563282
1205	16-17	0.1841419383106313
1205	18-19	0.1696694267244112
1205	20-21	0.19195107832556602
1205	22-23	0.25150468507660406
1205	24-25	0.12510788348296842
1205	26-27	0.03235004562330346
1205	28-29	-0.051288320927078246
1205	30-31	-0.08741656965544564
1205	32-33	-0.08253524237485266
1205	34-35	-0.15580234719033825
1205	36-37	-0.16839142094760717
1205	38-39	-0.13572698700901498
1205	40-41	-0.0355400649591715
1205	42-43	-0.07420264249577713
1205	44-45	-0.009584261412953765
1205	46-47	0.035576844038587296
1205	48-49	-0.007679937342206955
1205	50-51	0.15051763269608287
1205	52-53	0.2028443837716054
1205	54-55	0.14843165048074525
1205	56-57	0.14773979475270238
1205	58-59	0.08942385645147866
1205	60-61	-0.09014786471900393
1205	62-63	-0.25997805342468183
1205	64-65	-0.3071868659607553
1205	66-67	-0.3288766969851302
1205	68-69	-0.37895702397657516
1205	70-71	-0.33816789169708983
1205	72-73	-0.17971648120343175
1205	74-75	-0.1757926386438271
1205	76-77	-0.0598069885200232
1205	78-79	-0.04703109847948639
1205	80-81	-0.024779021754213204
1205	82-83	0.0623066169776294
1205	84-85	0.056700694958234266
1205	86-87	-0.021185600657730674
1205	88-89	0.009329336351143525
1205	90-91	-0.071298972393393
1205	92-93	-0.07337356523737881
1205	94-95	-0.11733772772180373
1205	96-97	-0.15974465826097628
1205	98-99	-0.13291959628324435
1205	100-101	-0.06696186961787731
1206	1	-0.1272885144299778
1206	2	-0.10490972240416596
1206	3	-0.15697015965717043
1206	4	-0.14629983099835187
1206	5	-0.1529694675374671
1206	6	-0.159101234354047
1206	7	-0.12887992638171397
1206	8	-0.10044619779107933
1206	9	-0.18703314228131518
1206	10-11	-0.168672404859862
1206	12-13	-0.235943077011747
1206	14-15	-0.2340056330196134
1206	16-17	-0.15503018132493196
1206	18-19	-0.17447779420814413
1206	20-21	-0.22408635536942967
1206	22-23	-0.2898057801241194
1206	24-25	-0.2540790045299417
1206	26-27	-0.23571154462185007
1206	28-29	-0.2649241180355659
1206	30-31	-0.38005006138590147
1206	32-33	-0.40907750552782574
1206	34-35	-0.41732562748476454
1206	36-37	-0.4463295497906401
1206	38-39	-0.48147564927472075
1206	40-41	-0.34174501211582964
1206	42-43	-0.37504361584771573
1206	44-45	-0.43087069450982796
1206	46-47	-0.45743752745845256
1206	48-49	-0.5382360090686014
1206	50-51	-0.4588373443683622
1206	52-53	-0.491646778922437
1206	54-55	-0.46738114559986954
1206	56-57	-0.24448719403321917
1206	58-59	-0.18834815229164903
1206	60-61	-0.3434481602854227
1206	62-63	-0.42421007252784904
1206	64-65	-0.48029980976072295
1206	66-67	-0.5034962462639392
1206	68-69	-0.4306521674882262
1206	70-71	-0.5535482164853178
1206	72-73	-0.5884850641418033
1206	74-75	-0.6218010476231015
1206	76-77	-0.824578179331585
1206	78-79	-0.8349032818199262
1206	80-81	-0.9086943970611898
1206	82-83	-0.9387095706693813
1206	84-85	-0.9192488139002393
1206	86-87	-1.0101271079332754
1206	88-89	-0.8385314871207328
1206	90-91	-0.774280508575039
1206	92-93	-0.5322402225915077
1206	94-95	-0.6392479452324906
1206	96-97	-0.678634633619339
1206	98-99	-0.7058812833000374
1206	100-101	-0.638492178090285
1207	1	-0.5396478516730312
1207	2	-0.5696410419597058
1207	3	-0.5924577343209876
1207	4	-0.5900362954368461
1207	5	-0.595673495539863
1207	6	-0.6898635921110099
1207	7	-0.6163660657054351
1207	8	-0.6130984853470807
1207	9	-0.6918521713289323
1207	10-11	-0.5600444881550857
1207	12-13	-0.42679960677681805
1207	14-15	-0.37993880362779464
1207	16-17	-0.2932721421797382
1207	18-19	-0.3169004129221804
1207	20-21	-0.3628691714641761
1207	22-23	-0.3501229929680818
1207	24-25	-0.45111307786696386
1207	26-27	-0.6791563218402388
1207	28-29	-0.7799057910459197
1207	30-31	-0.8436315976559854
1207	32-33	-0.8514250246751516
1207	34-35	-0.9577534346702592
1207	36-37	-1.0300543042814994
1207	38-39	-1.0264997078823868
1207	40-41	-0.8223829223883499
1207	42-43	-0.7965217682005843
1207	44-45	-0.758471051501445
1207	46-47	-0.6531502799302658
1207	48-49	-0.6582080712327958
1207	50-51	-0.5826287006104351
1207	52-53	-0.5737300476408649
1207	54-55	-0.5698422244145931
1207	56-57	-0.6978832363154268
1207	58-59	-0.7154379994740125
1207	60-61	-0.88740506006976
1207	62-63	-1.0096162585098298
1207	64-65	-1.0673057001280526
1207	66-67	-1.0301356905940828
1207	68-69	-1.0040148766114463
1207	70-71	-0.9977081063836337
1207	72-73	-0.9031927552683463
1207	74-75	-0.8358204759457841
1207	76-77	-0.7727134106171647
1207	78-79	-0.793177731399723
1207	80-81	-0.7381173936396799
1207	82-83	-0.6954442601721382
1207	84-85	-0.7521877068827045
1207	86-87	-0.7905503119609207
1207	88-89	-0.5960716813535676
1207	90-91	-0.6744947048463992
1207	92-93	-0.7026796958289907
1207	94-95	-0.777307362546729
1207	96-97	-0.75702421750157
1207	98-99	-0.6871393757267938
1207	100-101	-0.6732997186399992
1208	1	-0.7578770073948249
1208	2	-0.8357644103153774
1208	3	-0.9379292018493217
1208	4	-0.9682148275304314
1208	5	-0.8484325535820716
1208	6	-0.999756679661651
1208	7	-0.9166885604520729
1208	8	-0.9037624369846711
1208	9	-0.9049453919888535
1208	10-11	-0.892900720488818
1208	12-13	-0.8452732775850578
1208	14-15	-0.8088435917237362
1208	16-17	-0.7443245485126084
1208	18-19	-0.8155895418034049
1208	20-21	-0.750194741910839
1208	22-23	-0.8490084512804472
1208	24-25	-0.8447939994517668
1208	26-27	-1.0052989786417825
1208	28-29	-1.3837818614111725
1208	30-31	-1.5013281868503796
1208	32-33	-1.7864960411562762
1208	34-35	-1.5774381156191737
1208	36-37	-1.351541888895376
1208	38-39	-1.3288917292446456
1208	40-41	-1.0922906422170868
1208	42-43	-0.9270538086585702
1208	44-45	-0.8802958697303467
1208	46-47	-0.6723679152470972
1208	48-49	-0.7654281005958552
1208	50-51	-1.0647779703601117
1208	52-53	-1.0540342673313532
1208	54-55	-0.9639365750455795
1208	56-57	-0.8311320002281661
1208	58-59	-0.8877817153705827
1208	60-61	-0.945406906296391
1208	62-63	-0.8779738145843758
1208	64-65	-0.9454615814810836
1208	66-67	-0.72620151001232
1208	68-69	-0.663617815115753
1208	70-71	-0.6543198010713738
1208	72-73	-0.6114852299367293
1208	74-75	-0.5572481141929053
1208	76-77	-0.5095485458264477
1208	78-79	-0.6817934068424094
1208	80-81	-0.6947720887064825
1208	82-83	-0.6569289852199631
1208	84-85	-0.6956442898958528
1208	86-87	-0.6186295687651793
1208	88-89	-0.4476840848883512
1208	90-91	-0.4637530552426057
1208	92-93	-0.35389392808654563
1208	94-95	-0.451283917338138
1208	96-97	-0.7487276399862957
1208	98-99	-0.7815418232459379
1208	100-101	-0.9582737768816347
2101	1	0.47339769121148834
2101	2	0.48168479544438725
2101	3	0.5201206143088157
2101	4	0.5025094215529435
2101	5	0.5031554196475057
2101	6	0.5053825878115177
2101	7	0.5136339133603158
2101	8	0.5453909411329221
2101	9	0.5730681171684324
2101	10-11	0.6492897032369882
2101	12-13	0.757493233165242
2101	14-15	0.766072345133864
2101	16-17	0.7725633637825666
2101	18-19	0.7948603265316336
2101	20-21	0.8201004697029148
2101	22-23	0.8427435028886947
2101	24-25	0.7905420548915174
2101	26-27	0.6885434111873181
2101	28-29	0.7795079273027596
2101	30-31	0.9171722941028193
2101	32-33	1.0249599747153155
2101	34-35	1.0260751591685917
2101	36-37	0.8356165523981005
2101	38-39	0.9188731565042474
2101	40-41	0.8680311746035372
2101	42-43	0.8646242314267454
2101	44-45	0.9322778726617358
2101	46-47	0.9500932259436823
2101	48-49	0.9949016280722098
2101	50-51	1.0265819764602462
2101	52-53	1.0291490781020372
2101	54-55	1.025618753189093
2101	56-57	0.7944980033538798
2101	58-59	0.7234757448092068
2101	60-61	0.7113522193970141
2101	62-63	0.7003772343413104
2101	64-65	0.7833967891043798
2101	66-67	0.6593559354837772
2101	68-69	0.7513283792713246
2101	70-71	0.7891777375072273
2101	72-73	0.772849635707562
2101	74-75	0.7506470762704716
2101	76-77	0.9546180383785767
2101	78-79	0.9545069445800962
2101	80-81	1.0290114472760585
2101	82-83	1.0398254204856272
2101	84-85	1.0419479472175937
2101	86-87	1.0058724989123249
2101	88-89	1.1107682685908067
2101	90-91	1.0639457865847461
2101	92-93	0.9380757082424118
2101	94-95	0.9955771619183409
2101	96-97	1.177222022385088
2101	98-99	1.1414026554504701
2101	100-101	1.26800325005145
2102	1	0.5881202948922635
2102	2	0.6029219530172938
2102	3	0.6788935856167981
2102	4	0.6291487845847357
2102	5	0.5379831890713476
2102	6	0.5673527598058286
2102	7	0.609997722959605
2102	8	0.5490590564719113
2102	9	0.5913071298548473
2102	10-11	0.3709415688659661
2102	12-13	0.15932916430078592
2102	14-15	0.045725211763738116
2102	16-17	0.008452020585906439
2102	18-19	-0.008518848605945095
2102	20-21	-0.038086383628339604
2102	22-23	-0.0640745525421309
2102	24-25	0.22824446936352416
2102	26-27	0.6517082665002292
2102	28-29	0.768577577886326
2102	30-31	0.8650204199831535
2102	32-33	0.9681895795150837
2102	34-35	0.9061123539338212
2102	36-37	0.924443949897551
2102	38-39	0.8885797720430944
2102	40-41	0.7296558457259366
2102	42-43	0.6434548079241722
2102	44-45	0.48326542048804555
2102	46-47	-0.032252222214502524
2102	48-49	0.07583993682933254
2102	50-51	0.13303510661726747
2102	52-53	0.2171534810923319
2102	54-55	0.28148522984612967
2102	56-57	0.42184196596712553
2102	58-59	0.5192740410182708
2102	60-61	0.6442703197258695
2102	62-63	0.7052234278672458
2102	64-65	0.8069338859743951
2102	66-67	0.7725540861072773
2102	68-69	0.7400728523458469
2102	70-71	0.6232059192902284
2102	72-73	0.5188730669278208
2102	74-75	0.33982405975831753
2102	76-77	-0.0017132723979926823
2102	78-79	-0.060664258725815046
2102	80-81	-0.20016557769780619
2102	82-83	-0.3213831704664756
2102	84-85	-0.3053751171734511
2102	86-87	-0.28618418009044433
2102	88-89	-0.06017861542919434
2102	90-91	0.05137368116425023
2102	92-93	0.1642967896489118
2102	94-95	0.26768430888289885
2102	96-97	0.4643191688291317
2102	98-99	0.4545805431742309
2102	100-101	0.4836605717348341
2103	1	0.2995644487493436
2103	2	0.36574576605401177
2103	3	0.39045504423334165
2103	4	0.3580731236308594
2103	5	0.40232333262324005
2103	6	0.43492087988111905
2103	7	0.4417159833440323
2103	8	0.4508161132901449
2103	9	0.4647815121605632
2103	10-11	0.5207939724706989
2103	12-13	0.5696410498680464
2103	14-15	0.5723274380167283
2103	16-17	0.6297188614245215
2103	18-19	0.6321465726293809
2103	20-21	0.6455322357067885
2103	22-23	0.6792398398561943
2103	24-25	0.6476373791214911
2103	26-27	0.54059267845075
2103	28-29	0.5616314777756415
2103	30-31	0.5331109135947827
2103	32-33	0.5403309240081313
2103	34-35	0.5824271945438184
2103	36-37	0.5710028576114965
2103	38-39	0.6772335858489456
2103	40-41	0.6393853926497712
2103	42-43	0.6696871777963551
2103	44-45	0.6639311518364863
2103	46-47	0.5397991794543984
2103	48-49	0.5047137161523487
2103	50-51	0.6076986572278464
2103	52-53	0.6471884046746652
2103	54-55	0.7246899610175035
2103	56-57	0.6239932026838844
2103	58-59	0.46542419788125144
2103	60-61	0.3894395922111755
2103	62-63	0.2996838426763304
2103	64-65	0.39844949765451787
2103	66-67	0.5260067793647103
2103	68-69	0.5226692320853807
2103	70-71	0.5896566955837628
2103	72-73	0.6520178470928428
2103	74-75	0.6284541074652985
2103	76-77	0.6581997882033157
2103	78-79	0.6039822620368511
2103	80-81	0.6065364655517591
2103	82-83	0.5363601469502228
2103	84-85	0.5810253780269434
2103	86-87	0.3238347241861028
2103	88-89	0.4280539109897177
2103	90-91	0.42712497538857974
2103	92-93	0.2521181020031591
2103	94-95	0.2235947362918509
2103	96-97	0.1498281353780726
2103	98-99	0.1100976788123198
2103	100-101	0.11375618328905901
2104	1	0.297320239810702
2104	2	0.3297413130161857
2104	3	0.3616383232623903
2104	4	0.2483469303442618
2104	5	0.36515314301674096
2104	6	0.36653747423245875
2104	7	0.3324374496409561
2104	8	0.23414386069904936
2104	9	0.32923010818532106
2104	10-11	0.19282357163260144
2104	12-13	0.1948857794370511
2104	14-15	0.1245983100901853
2104	16-17	0.12501273516679134
2104	18-19	0.06256935085249893
2104	20-21	0.15725974668396958
2104	22-23	0.06164638407813072
2104	24-25	0.22105120040184545
2104	26-27	0.33714770714481546
2104	28-29	0.4211434817702866
2104	30-31	0.4141106548597122
2104	32-33	0.4244590759225275
2104	34-35	0.4363315242712602
2104	36-37	0.4451453305315596
2104	38-39	0.3228989334702064
2104	40-41	0.013990514349060845
2104	42-43	0.019540457698042246
2104	44-45	0.15616348613139763
2104	46-47	0.1298785709702841
2104	48-49	0.08890189657192593
2104	50-51	0.1921125494095044
2104	52-53	0.30772269030561006
2104	54-55	0.32594675979729715
2104	56-57	0.3538817661421092
2104	58-59	0.35630539641564596
2104	60-61	0.4386609469912486
2104	62-63	0.44833868481671857
2104	64-65	0.43364536488139294
2104	66-67	0.6083665002378318
2104	68-69	0.48250854774844143
2104	70-71	0.4810265613379272
2104	72-73	0.35192552178465775
2104	74-75	0.33413688523275553
2104	76-77	0.28720691762881856
2104	78-79	0.2464924829368229
2104	80-81	0.3959052094425779
2104	82-83	0.43802405229719454
2104	84-85	0.42689549262546933
2104	86-87	0.6100846061755334
2104	88-89	0.7016504600102991
2104	90-91	0.40130805662919755
2104	92-93	0.5033877567984426
2104	94-95	0.5133261160821156
2104	96-97	0.49663613100698
2104	98-99	0.4844726551457512
2104	100-101	0.4050105901149017
2105	1	-0.07326510626253224
2105	2	-0.07122245738489141
2105	3	-0.020030169601810144
2105	4	-0.08279271021545753
2105	5	6.10101670552865E-4
2105	6	-0.025153574955076863
2105	7	-0.008908987154576664
2105	8	-0.040726787608278414
2105	9	0.021901908419160065
2105	10-11	0.04137847842471132
2105	12-13	0.08506087467075218
2105	14-15	0.12122513154372427
2105	16-17	0.1656903720816416
2105	18-19	0.1318024821977417
2105	20-21	0.16450655784628054
2105	22-23	0.20685374785421118
2105	24-25	0.13423129226700325
2105	26-27	-0.07841157503129637
2105	28-29	-0.046493009870047786
2105	30-31	-0.006821020400842315
2105	32-33	-0.025887343829964493
2105	34-35	-0.022541259409955217
2105	36-37	-0.08583877411371077
2105	38-39	0.013363937108685775
2105	40-41	0.05085192615987921
2105	42-43	0.05303290342892808
2105	44-45	0.0869752928834302
2105	46-47	0.1764219630216175
2105	48-49	0.16613681317857854
2105	50-51	0.19199028753617498
2105	52-53	0.22631135401934444
2105	54-55	0.1818931735736271
2105	56-57	0.06723833734879037
2105	58-59	-0.03503525490320669
2105	60-61	-0.14301815886921077
2105	62-63	-0.2956374485339275
2105	64-65	-0.31752080019983
2105	66-67	-0.040073491225808056
2105	68-69	-0.14914973413312893
2105	70-71	-0.01939729332428186
2105	72-73	0.05014143517547254
2105	74-75	0.046188321149418954
2105	76-77	0.17550338812671384
2105	78-79	0.17567336773640108
2105	80-81	0.21682658706683
2105	82-83	0.11074998832932437
2105	84-85	0.13032192472846305
2105	86-87	-0.0626556361744619
2105	88-89	0.06100075463935539
2105	90-91	-0.05146574274522919
2105	92-93	-0.1158862791290396
2105	94-95	-0.19179583532380207
2105	96-97	-0.3747589285735131
2105	98-99	-0.36628454906410113
2105	100-101	-0.3633810679376204
2106	1	-0.21321887294175212
2106	2	-0.2517799858372456
2106	3	-0.22802125639147874
2106	4	-0.28043830846898743
2106	5	-0.271679931054976
2106	6	-0.24733606321456847
2106	7	-0.2179711436156211
2106	8	-0.27060011195803213
2106	9	-0.20793063582636506
2106	10-11	-0.21146273671158866
2106	12-13	-0.2337377788249526
2106	14-15	-0.22927984571087023
2106	16-17	-0.2198229834467753
2106	18-19	-0.2689781400678939
2106	20-21	-0.34839395977086696
2106	22-23	-0.3491353528425094
2106	24-25	-0.3664496171013667
2106	26-27	-0.3366952912277412
2106	28-29	-0.34673359455489106
2106	30-31	-0.41690468274322257
2106	32-33	-0.4338388702084046
2106	34-35	-0.3540030749610068
2106	36-37	-0.43038096854251506
2106	38-39	-0.3308930513477577
2106	40-41	-0.3881854938081588
2106	42-43	-0.37458467168868026
2106	44-45	-0.3475662952433254
2106	46-47	-0.396220145703154
2106	48-49	-0.43096571917068616
2106	50-51	-0.5002079687512158
2106	52-53	-0.5437584810366616
2106	54-55	-0.5470892387926156
2106	56-57	-0.4167942395379356
2106	58-59	-0.42307673085580433
2106	60-61	-0.48352543812480775
2106	62-63	-0.5572535619968875
2106	64-65	-0.5818537069861378
2106	66-67	-0.37565152443023564
2106	68-69	-0.4895424806554196
2106	70-71	-0.4800608788288727
2106	72-73	-0.3971017040602298
2106	74-75	-0.4644276909032037
2106	76-77	-0.465282795276206
2106	78-79	-0.5606666279918286
2106	80-81	-0.6451937444260274
2106	82-83	-0.8183089806419268
2106	84-85	-0.8356457440862783
2106	86-87	-0.9892855050635916
2106	88-89	-0.8631660577916875
2106	90-91	-0.7461444926107532
2106	92-93	-0.7970395004258428
2106	94-95	-0.8103324759039836
2106	96-97	-0.9923620151080499
2106	98-99	-0.9626664749140517
2106	100-101	-1.0003104449778846
2107	1	-0.5428912227621936
2107	2	-0.6561628580110934
2107	3	-0.6347567936643728
2107	4	-0.6901584161746825
2107	5	-0.6122158858378768
2107	6	-0.6172095953912233
2107	7	-0.7041587471350468
2107	8	-0.699546107870674
2107	9	-0.6384735935484542
2107	10-11	-0.5443062651101158
2107	12-13	-0.4987521178690102
2107	14-15	-0.5145151059750717
2107	16-17	-0.4599382719952345
2107	18-19	-0.4527915087720089
2107	20-21	-0.45372632634970245
2107	22-23	-0.4579458843545581
2107	24-25	-0.6071501335933362
2107	26-27	-0.8041465695520174
2107	28-29	-0.9404747537669422
2107	30-31	-0.9205480132327608
2107	32-33	-0.9880455668897667
2107	34-35	-0.9724587564776002
2107	36-37	-1.0719073450423267
2107	38-39	-0.9416577584835366
2107	40-41	-0.8603522172473461
2107	42-43	-0.729364965638581
2107	44-45	-0.6724148954650033
2107	46-47	-0.52077025905173
2107	48-49	-0.4672840648340504
2107	50-51	-0.5731718404015993
2107	52-53	-0.6255235813657407
2107	54-55	-0.6672031085446335
2107	56-57	-0.7381479526582382
2107	58-59	-0.7835647948104203
2107	60-61	-0.9325437841274109
2107	62-63	-1.0351512522734794
2107	64-65	-1.000026279155577
2107	66-67	-0.8482495469179021
2107	68-69	-0.9048797109638649
2107	70-71	-0.7837579239995947
2107	72-73	-0.692495445394524
2107	74-75	-0.7258847532685877
2107	76-77	-0.5441062670611956
2107	78-79	-0.5785763513336946
2107	80-81	-0.47777734622617984
2107	82-83	-0.5713629229283939
2107	84-85	-0.5491136000980106
2107	86-87	-0.6671817601496244
2107	88-89	-0.571498516442567
2107	90-91	-0.5478027451547618
2107	92-93	-0.7142135359788
2107	94-95	-0.8051557355871779
2107	96-97	-1.0258799537056014
2107	98-99	-1.0885207640562946
2107	100-101	-1.2075076077121167
2108	1	-0.9160838857621485
2108	2	-0.969695359259994
2108	3	-1.0055644217444453
2108	4	-1.0037970951532245
2108	5	-0.9616007054635531
2108	6	-0.8545493834449758
2108	7	-1.0098015926872108
2108	8	-0.911872041600013
2108	9	-0.9469639768355265
2108	10-11	-1.0046661269755859
2108	12-13	-1.0501161723281953
2108	14-15	-0.9973612411381296
2108	16-17	-1.2060103445095365
2108	18-19	-1.233425413921644
2108	20-21	-1.1998249513862262
2108	22-23	-1.222993128049339
2108	24-25	-1.1124613624714357
2108	26-27	-1.1257900197274182
2108	28-29	-1.282429053008606
2108	30-31	-1.3871389538820438
2108	32-33	-1.4743176977421015
2108	34-35	-1.3934497234077092
2108	36-37	-1.2095982831393073
2108	38-39	-1.1167823465080957
2108	40-41	-0.8762192480793445
2108	42-43	-0.688826578045294
2108	44-45	-0.6553540942697609
2108	46-47	-0.540072834124345
2108	48-49	-0.6701818143932776
2108	50-51	-0.8741575888877939
2108	52-53	-1.0814290243560443
2108	54-55	-1.0568738042228532
2108	56-57	-0.9093350389015384
2108	58-59	-0.8583121944222007
2108	60-61	-0.8428296442867733
2108	62-63	-0.7522406154530756
2108	64-65	-0.651895673587596
2108	66-67	-0.5725907599655748
2108	68-69	-0.5675741110490655
2108	70-71	-0.4492020414544129
2108	72-73	-0.2901913548353541
2108	74-75	-0.22778558346908895
2108	76-77	-0.0531435812064629
2108	78-79	-0.16502849638744266
2108	80-81	-0.2461560640151994
2108	82-83	-0.30716390310241337
2108	84-85	-0.32201301260172954
2108	86-87	-0.31618525913119555
2108	88-89	-0.19798640025160807
2108	90-91	-0.13047663631301276
2108	92-93	-0.1959876335964701
2108	94-95	-0.33082388889271996
2108	96-97	-0.6314717591029932
2108	98-99	-0.7461159652397527
2108	100-101	-1.1020914571539961
2201	1	0.3879752167044046
2201	2	0.4214410452530828
2201	3	0.45797679066439656
2201	4	0.4305997267123587
2201	5	0.4744101533587255
2201	6	0.46237182138213484
2201	7	0.4536717541231283
2201	8	0.503186593066161
2201	9	0.4812887184652439
2201	10-11	0.624569381305669
2201	12-13	0.6940180472316371
2201	14-15	0.7166003262663097
2201	16-17	0.7084330099857894
2201	18-19	0.7352609130790881
2201	20-21	0.759991548023315
2201	22-23	0.7418738369521378
2201	24-25	0.6591045261776003
2201	26-27	0.01804522275506315
2201	28-29	0.5128896331298307
2201	30-31	0.6742050049370647
2201	32-33	0.9143738869756106
2201	34-35	0.8934214761612012
2201	36-37	0.8962727605421534
2201	38-39	0.9611247766968418
2201	40-41	0.8435245911280091
2201	42-43	0.7885311098691545
2201	44-45	0.858696740628595
2201	46-47	0.8763923152641624
2201	48-49	0.9737832625769407
2201	50-51	0.9741978473432589
2201	52-53	0.9480132066919822
2201	54-55	0.8479201181344109
2201	56-57	0.5423336440748372
2201	58-59	0.5430891814132366
2201	60-61	0.6781413647552199
2201	62-63	0.6897341060847673
2201	64-65	0.7021318765168587
2201	66-67	0.5153731274674094
2201	68-69	0.37454095483726135
2201	70-71	0.5188449411034064
2201	72-73	0.3981957801632525
2201	74-75	0.5034886555274838
2201	76-77	0.716391005510765
2201	78-79	0.6633806178122725
2201	80-81	0.7733002591725828
2201	82-83	0.8436757873820895
2201	84-85	0.7585243283963052
2201	86-87	0.6615619717689256
2201	88-89	0.5577382566040328
2201	90-91	0.48456381523738656
2201	92-93	0.6577481416086712
2201	94-95	0.8113397069239099
2201	96-97	1.1107087998890677
2201	98-99	1.1990088725918717
2201	100-101	1.2326878161030628
2202	1	0.6318644143726004
2202	2	0.6145070666410959
2202	3	0.6965397070250532
2202	4	0.6484210901435432
2202	5	0.5775450358919088
2202	6	0.6546708563399264
2202	7	0.6431208011041107
2202	8	0.5542657336263375
2202	9	0.6037187110054276
2202	10-11	0.2605684408331541
2202	12-13	0.16230988903586763
2202	14-15	0.042774379029850707
2202	16-17	-0.1061647802934047
2202	18-19	-0.10372720362406795
2202	20-21	0.014622109618322554
2202	22-23	-0.035162736889084556
2202	24-25	0.23678863936393668
2202	26-27	0.7468634157015259
2202	28-29	0.8703788610081276
2202	30-31	1.0051697782363078
2202	32-33	1.165952122239247
2202	34-35	1.104991803407458
2202	36-37	1.0814612859257835
2202	38-39	0.9457880046841751
2202	40-41	0.6725973886897236
2202	42-43	0.5855715652037929
2202	44-45	0.39008761649778734
2202	46-47	0.05670104885699345
2202	48-49	0.11641914950036991
2202	50-51	0.16685141740711984
2202	52-53	0.21615153004516685
2202	54-55	0.19597122720848859
2202	56-57	0.3950768455924205
2202	58-59	0.6000015643087444
2202	60-61	0.840616176648993
2202	62-63	0.9984871665976414
2202	64-65	1.0163671151564522
2202	66-67	0.7214503630102378
2202	68-69	0.6126685001064338
2202	70-71	0.6071319227215142
2202	72-73	0.4374193290390842
2202	74-75	0.28774785616840504
2202	76-77	0.14405352931760262
2202	78-79	0.02216300182954356
2202	80-81	-0.0999883113342257
2202	82-83	-0.13616723138378006
2202	84-85	-0.1935893612548938
2202	86-87	-0.2026313530994983
2202	88-89	-0.13767218595283026
2202	90-91	0.09105598183380437
2202	92-93	0.40736272610258695
2202	94-95	0.6664929544470723
2202	96-97	0.8928756597804437
2202	98-99	0.8688768500837654
2202	100-101	0.9649244668758321
2203	1	0.3503149202222886
2203	2	0.35851502946998437
2203	3	0.38414011549858884
2203	4	0.36642634884803726
2203	5	0.3999973950491693
2203	6	0.4259254291153809
2203	7	0.45111183633747487
2203	8	0.4389235358115542
2203	9	0.47059526031313226
2203	10-11	0.46163560617051047
2203	12-13	0.5118137669878777
2203	14-15	0.49337972193283974
2203	16-17	0.6028486708518273
2203	18-19	0.607989989781629
2203	20-21	0.6207457389970799
2203	22-23	0.6296739183917737
2203	24-25	0.6430331356434635
2203	26-27	0.5743714540970188
2203	28-29	0.6080581577007038
2203	30-31	0.5606309812374093
2203	32-33	0.615207851524616
2203	34-35	0.6307920031598542
2203	36-37	0.6082700435442803
2203	38-39	0.627225662211913
2203	40-41	0.563463821461248
2203	42-43	0.5894978825022008
2203	44-45	0.527703511220885
2203	46-47	0.40443314477116843
2203	48-49	0.48658556225224103
2203	50-51	0.48722238777836324
2203	52-53	0.45142930128987047
2203	54-55	0.4271723321305956
2203	56-57	0.38057565674607474
2203	58-59	0.3327960250232955
2203	60-61	0.3959383605526057
2203	62-63	0.2953468490052984
2203	64-65	0.34640960840714996
2203	66-67	0.1410338704454297
2203	68-69	0.10707409501687692
2203	70-71	0.25840333424216766
2203	72-73	0.289140368178888
2203	74-75	0.38558732520922945
2203	76-77	0.45614741447980833
2203	78-79	0.35385106748515227
2203	80-81	0.41404589710973383
2203	82-83	0.4519688389519132
2203	84-85	0.39651256319657335
2203	86-87	0.14873541472083218
2203	88-89	0.12381511070063311
2203	90-91	0.12934780711076854
2203	92-93	0.2082350959010384
2203	94-95	0.2470041536663885
2203	96-97	0.258791400455884
2203	98-99	0.20313778028895513
2203	100-101	0.2662778982586964
2204	1	0.31325104679154947
2204	2	0.2796406124359976
2204	3	0.2995171552743656
2204	4	0.30227669375316424
2204	5	0.2851801038497044
2204	6	0.38828725760192384
2204	7	0.32229575888724327
2204	8	0.3395044143867807
2204	9	0.33328617615697453
2204	10-11	0.21280250712685955
2204	12-13	0.23618387882867609
2204	14-15	0.15663947977918724
2204	16-17	-0.018075229886136412
2204	18-19	0.07401939931412471
2204	20-21	0.0992747556001703
2204	22-23	-0.02368398870211763
2204	24-25	0.13668131081195867
2204	26-27	0.3687125330697043
2204	28-29	0.44905989640054855
2204	30-31	0.4519417256600917
2204	32-33	0.42032001504836813
2204	34-35	0.46871967365046174
2204	36-37	0.41951194517842083
2204	38-39	0.3249423119094459
2204	40-41	0.07880796295584958
2204	42-43	-0.023044155762647733
2204	44-45	0.16663281596508028
2204	46-47	0.25382653539431743
2204	48-49	0.21037406246039225
2204	50-51	0.262629068469419
2204	52-53	0.19924852485981148
2204	54-55	0.10945565852714623
2204	56-57	-0.055223653124766514
2204	58-59	0.029372172042659628
2204	60-61	0.20398066930140857
2204	62-63	0.17612759123509392
2204	64-65	0.26982340281373496
2204	66-67	0.05031173077361828
2204	68-69	-0.016775724202435782
2204	70-71	0.07534028133215642
2204	72-73	-0.0359434314161966
2204	74-75	0.12762968819981424
2204	76-77	0.0799080751063812
2204	78-79	0.028773031655269676
2204	80-81	0.14993246675616945
2204	82-83	0.1568900428201161
2204	84-85	0.17394193904338806
2204	86-87	0.45947512182171124
2204	88-89	0.390503934894582
2204	90-91	0.2302441481635853
2204	92-93	0.40859479637888896
2204	94-95	0.3940174295863592
2204	96-97	0.37531409055093334
2204	98-99	0.32400263120289097
2204	100-101	0.410510335773278
2205	1	-0.10083914171220698
2205	2	-0.08926689500645324
2205	3	-0.025861498120626436
2205	4	-0.0788456341437751
2205	5	-0.025993627528315244
2205	6	-0.05216794499687438
2205	7	-0.09577445644268323
2205	8	-0.07945903135188814
2205	9	0.03382780040364253
2205	10-11	0.06894509403775118
2205	12-13	0.11051353589881785
2205	14-15	0.1461626457109162
2205	16-17	0.18615469972672827
2205	18-19	0.18373618300002192
2205	20-21	0.16223494294418828
2205	22-23	0.21001918686926047
2205	24-25	0.11168081822367526
2205	26-27	-0.051494130739982324
2205	28-29	-0.018262303604714702
2205	30-31	-0.05161819973096016
2205	32-33	-0.0740452686899431
2205	34-35	-0.058509467204828525
2205	36-37	-0.07458902182784755
2205	38-39	-0.015851273031017854
2205	40-41	-0.015729087101782113
2205	42-43	0.054752804963278834
2205	44-45	0.06802213620601805
2205	46-47	0.12068855952833957
2205	48-49	0.1886373490934652
2205	50-51	0.2220172447418598
2205	52-53	0.12672254275249628
2205	54-55	0.04402188890659531
2205	56-57	-0.18694778063832018
2205	58-59	-0.20971312033653078
2205	60-61	-0.20589022515058986
2205	62-63	-0.45921030598569246
2205	64-65	-0.4287731356985951
2205	66-67	-0.5583481995676536
2205	68-69	-0.5513100063745107
2205	70-71	-0.30551148902405956
2205	72-73	-0.2328181160767464
2205	74-75	-0.16179888197171977
2205	76-77	-0.08910978247791945
2205	78-79	-0.1631122483124159
2205	80-81	-0.08933422016460568
2205	82-83	-0.030983990399654715
2205	84-85	-0.13083766763500293
2205	86-87	-0.038219956580533676
2205	88-89	-0.1217208843529427
2205	90-91	-0.3711227781966997
2205	92-93	-0.3641517124275282
2205	94-95	-0.44867863407430164
2205	96-97	-0.8208261588875914
2205	98-99	-0.8624101767204841
2205	100-101	-0.8085662883288762
2206	1	-0.18828517216854124
2206	2	-0.17616590312857738
2206	3	-0.1612915417282963
2206	4	-0.23650285324200837
2206	5	-0.18198365016608165
2206	6	-0.18259082354362022
2206	7	-0.23182179024848182
2206	8	-0.23220358694036491
2206	9	-0.19692487685106386
2206	10-11	-0.23560359644050521
2206	12-13	-0.24042598562704853
2206	14-15	-0.24615647930328066
2206	16-17	-0.2535112323131443
2206	18-19	-0.29719605916923797
2206	20-21	-0.39078447840530117
2206	22-23	-0.3931667737564766
2206	24-25	-0.3224048698552764
2206	26-27	-0.32879948041492923
2206	28-29	-0.26943955186158064
2206	30-31	-0.36228867921099095
2206	32-33	-0.3860080006122928
2206	34-35	-0.37298731714798095
2206	36-37	-0.33558739886246514
2206	38-39	-0.3470553010476394
2206	40-41	-0.3552860468120045
2206	42-43	-0.39315666914853864
2206	44-45	-0.4266338374532168
2206	46-47	-0.5105091142997686
2206	48-49	-0.45737303565294596
2206	50-51	-0.7485139323376337
2206	52-53	-0.7695479861661738
2206	54-55	-0.8429627579391621
2206	56-57	-0.7136838565947485
2206	58-59	-0.6630122357681749
2206	60-61	-0.5831723606322896
2206	62-63	-0.6154197616952075
2206	64-65	-0.6778496027566625
2206	66-67	-0.7413213296669419
2206	68-69	-0.7699982978971924
2206	70-71	-0.6654686498665185
2206	72-73	-0.6686633199639793
2206	74-75	-0.642135908377174
2206	76-77	-0.8892793784075899
2206	78-79	-1.0083440638816157
2206	80-81	-1.071980548631604
2206	82-83	-1.0725814335897397
2206	84-85	-1.1775965516066904
2206	86-87	-1.047998549483502
2206	88-89	-1.083942799465099
2206	90-91	-1.21567057858379
2206	92-93	-1.0988853757227375
2206	94-95	-1.1868960489160543
2206	96-97	-1.2863829513721754
2206	98-99	-1.3048230154356126
2206	100-101	-1.3326872958108513
2207	1	-0.656955118075679
2207	2	-0.7271258467902442
2207	3	-0.7093334680150747
2207	4	-0.7597560600191926
2207	5	-0.6889531095767083
2207	6	-0.7178360684416205
2207	7	-0.7484415924118082
2207	8	-0.7403111408157415
2207	9	-0.6801110006304825
2207	10-11	-0.5410851751381998
2207	12-13	-0.494121615731423
2207	14-15	-0.45362941528774314
2207	16-17	-0.44217396925982655
2207	18-19	-0.47565751014644775
2207	20-21	-0.5029178852308505
2207	22-23	-0.5033023262281375
2207	24-25	-0.5881963235136567
2207	26-27	-0.7813734366395835
2207	28-29	-0.8693263222338032
2207	30-31	-0.9234879220332886
2207	32-33	-0.9067554516206897
2207	34-35	-0.9237162202501068
2207	36-37	-0.9707563272419222
2207	38-39	-0.9008220008795291
2207	40-41	-0.8486837431805228
2207	42-43	-0.7848669909512154
2207	44-45	-0.7710543478798115
2207	46-47	-0.6629652673389757
2207	48-49	-0.6674579603957262
2207	50-51	-0.6904498782548032
2207	52-53	-0.8164127048655629
2207	54-55	-0.9018360862208041
2207	56-57	-1.0065034744737815
2207	58-59	-1.0443464993491283
2207	60-61	-1.0779794315676128
2207	62-63	-1.0144268991364669
2207	64-65	-1.1834519897340456
2207	66-67	-1.1900665293250476
2207	68-69	-1.1591312677836534
2207	70-71	-1.0365246698794763
2207	72-73	-0.9966185173883737
2207	74-75	-0.9293618879727283
2207	76-77	-0.9918478158097486
2207	78-79	-1.0512838391305301
2207	80-81	-1.0202342985341737
2207	82-83	-0.9149708261939438
2207	84-85	-1.0091422570883992
2207	86-87	-0.9180283789014254
2207	88-89	-1.0125263176716501
2207	90-91	-1.326569843667695
2207	92-93	-1.4147585166170167
2207	94-95	-1.412975226660592
2207	96-97	-1.6067245586552446
2207	98-99	-1.5871362644982838
2207	100-101	-1.6303702120960128
2208	1	-1.0348729765688987
2208	2	-1.033961015139404
2208	3	-1.1373002241054166
2208	4	-1.1359958311957072
2208	5	-1.0008014700139256
2208	6	-1.0414289497784637
2208	7	-1.1629480526588125
2208	8	-1.0910501226128702
2208	9	-1.1830191248417563
2208	10-11	-1.1857942012328593
2208	12-13	-1.2041892979257511
2208	14-15	-1.1537925855996036
2208	16-17	-1.0928698094344398
2208	18-19	-1.1399715793882876
2208	20-21	-1.243672228677525
2208	22-23	-1.1234473208514402
2208	24-25	-1.2015165457979933
2208	26-27	-1.3597586092000569
2208	28-29	-1.6125077661319196
2208	30-31	-1.8087002911991128
2208	32-33	-1.9225917382861226
2208	34-35	-1.9270553363871734
2208	36-37	-1.632075712336949
2208	38-39	-1.4319262428839856
2208	40-41	-1.1874957845761855
2208	42-43	-1.0202874140959324
2208	44-45	-0.9251841646485417
2208	46-47	-0.7140509865726621
2208	48-49	-0.7505113776513319
2208	50-51	-0.9557746577971606
2208	52-53	-1.1839521706725158
2208	54-55	-1.168839281701004
2208	56-57	-1.050343224848696
2208	58-59	-1.1209659006724628
2208	60-61	-1.0502486456823519
2208	62-63	-1.0561960950296339
2208	64-65	-1.041354001040638
2208	66-67	-0.9104817544517765
2208	68-69	-0.8754352162728587
2208	70-71	-0.6909267179013057
2208	72-73	-0.4969665679214792
2208	74-75	-0.5038062400258418
2208	76-77	-0.5911878694415549
2208	78-79	-0.5994752128255172
2208	80-81	-0.5713935194491135
2208	82-83	-0.3967386580902357
2208	84-85	-0.5354114588324421
2208	86-87	-0.3568947339113393
2208	88-89	-0.3942197914535228
2208	90-91	-0.7754825507262311
2208	92-93	-0.922596815988804
2208	94-95	-1.0086150012877226
2208	96-97	-1.4868680906960918
2208	98-99	-1.4739432817229776
2208	100-101	-1.6836565738731863
>>END_MODULE
>>Per sequence quality scores	pass
#Quality	Count
2	399455.0
3	85579.0
4	136134.0
5	153763.0
6	184446.0
7	196870.0
8	211126.0
9	210623.0
10	224981.0
11	246233.0
12	288570.0
13	324213.0
14	364369.0
15	404604.0
16	442737.0
17	491469.0
18	543804.0
19	610011.0
20	680869.0
21	757961.0
22	837638.0
23	924776.0
24	1019774.0
25	1118002.0
26	1229440.0
27	1346037.0
28	1483539.0
29	1640419.0
30	1829704.0
31	2069237.0
32	2384978.0
33	2832249.0
34	3462081.0
35	4333056.0
36	5353024.0
37	5279507.0
38	1418457.0
39	1285.0
40	2.0
>>END_MODULE
>>Per base sequence content	pass
#Base	G	A	T	C
1	17.68721267483409	30.81882332710023	32.15072236091419	19.343241637151497
2	18.910647968651322	32.33958469987995	30.683639403527625	18.066127927941107
3	19.158042228357132	31.580603300720295	30.493518432741222	18.767836038181347
4	20.30628471333883	29.6679641529808	30.344461944319118	19.681289189361255
5	20.269337031746087	30.169322242664485	30.617034666995664	18.94430605859376
6	20.169685287267754	30.482307939942967	29.33967105917298	20.008335713616304
7	20.42216070870844	30.362709972203806	30.32206588568772	18.893063433400037
8	19.704405544229335	30.68516034872889	30.383228794793375	19.227205312248397
9	19.405011028912217	30.25263189576132	30.72932080332617	19.613036272000294
10-11	19.48070985534543	30.45772457362238	30.55012098751011	19.51144458352208
12-13	19.476973267804272	30.54842442060514	30.5845881980289	19.390014113561687
14-15	19.462456058592345	30.573499185342918	30.593269818535617	19.370774937529116
16-17	19.419698013114665	30.454086527185968	30.708616698466688	19.417598761232675
18-19	19.58592363626269	30.254434657532293	30.659991348285047	19.499650357919972
20-21	19.597196057272743	30.271725739063626	30.587086356545324	19.54399184711831
22-23	19.612961537409404	30.320170214879038	30.53808252503714	19.528785722674417
24-25	19.646443208930993	30.281846926045397	30.44733790583509	19.624371959188522
26-27	19.73262925870311	30.33060053118033	30.34153028966859	19.59523992044797
28-29	19.66611457326525	30.331625060119432	30.397930978499687	19.604329388115627
30-31	19.669787225439375	30.338529405592173	30.38624922138028	19.60543414758817
32-33	19.71131900669801	30.394771383079	30.252855209873168	19.641054400349823
34-35	19.684144025461585	30.402642886840553	30.300108462343616	19.613104625354246
36-37	19.72337590696658	30.42487070268425	30.232641998517547	19.619111391831627
38-39	19.775748982585906	30.400521637455373	30.19248257740304	19.63124680255568
40-41	19.752143069294252	30.366479876805684	30.19295207434772	19.688424979552344
42-43	19.667020107333087	30.452066562137887	30.202251161225913	19.678662169303117
44-45	19.706945786302146	30.439566926986117	30.22407115139179	19.629416135319953
46-47	19.77187011209382	30.41321416985589	30.120733445998045	19.694182272052245
48-49	19.758460269140524	30.38562442161326	30.156474308083897	19.699441001162317
50-51	19.767801706148095	30.37290181585872	30.170087195821218	19.689209282171973
52-53	19.76345871630706	30.36242979979258	30.21150803162126	19.662603452279107
54-55	19.71203852470024	30.39172946488068	30.16998369226675	19.72624831815233
56-57	19.779606622223643	30.425838368401774	30.094976205177858	19.699578804196722
58-59	19.688482593436248	30.34834337644498	30.278907089570943	19.684266940547833
60-61	19.776976076827836	30.345796004796078	30.158952701572122	19.718275216803967
62-63	19.712063492907863	30.42565529685057	30.180138999434703	19.682142210806862
64-65	19.771089596947846	30.45035531614802	30.157949173929648	19.620605912974487
66-67	19.817589575401467	30.34181135419418	30.113021176174907	19.72757789422944
68-69	19.807889134312752	30.295398416857772	30.162585688751648	19.734126760077828
70-71	19.703689947288666	30.38487872186881	30.23221415340317	19.679217177439355
72-73	19.8388268615828	30.322588391467566	30.177851779972464	19.660732966977168
74-75	19.861853748105577	30.357281080182275	30.129682736781337	19.65118243493081
76-77	19.81222682377634	30.288009531414467	30.157335317248318	19.742428327560877
78-79	19.80767643185722	30.3542549283595	30.151980839472614	19.68608780031067
80-81	19.82527877428445	30.326080103468854	30.13401289537514	19.714628226871554
82-83	19.833705814701695	30.266925003627527	30.19233254651979	19.707036635150992
84-85	19.841894793920904	30.34021545034864	30.12977821886413	19.688111536866323
86-87	19.834404486023857	30.3453058648672	30.149490231925206	19.670799417183733
88-89	19.894723647894832	30.30529377166519	30.114136034683398	19.68584654575658
90-91	19.881219288829723	30.296582977226343	30.068285757932927	19.753911976011008
92-93	19.918296206018972	30.29398901862732	30.056089778040896	19.73162499731281
94-95	19.980101976213682	30.34399540885432	29.993423839257215	19.682478775674777
96-97	20.02019384500354	30.121680096087307	30.14502802104517	19.713098037863986
98-99	20.003128510501217	29.258460587295254	30.63876657208457	20.099644330118963
100-101	19.684486690769727	29.608750621570557	30.453946683008343	20.252816004651372
>>END_MODULE
>>Per sequence GC content	warn
#GC Content	Count
0	382.0
1	382.5
2	380.5
3	388.0
4	419.0
5	444.5
6	498.5
7	577.5
8	699.0
9	923.5
10	1291.5
11	1948.0
12	3121.5
13	5433.5
14	8944.0
15	14097.0
16	22525.5
17	34786.5
18	51363.0
19	74071.5
20	106231.5
21	148361.0
22	199254.5
23	259864.0
24	330344.5
25	413207.0
26	508354.0
27	615596.0
28	737761.0
29	872769.0
30	1020413.0
31	1177494.0
32	1349877.5
33	1548003.5
34	1789673.0
35	2077382.5
36	2361546.0
37	2566831.0
38	2656747.0
39	2643545.5
40	2536388.0
41	2342351.5
42	2107141.0
43	1888739.0
44	1700129.0
45	1531986.5
46	1370874.0
47	1207150.5
48	1045564.5
49	897692.0
50	770051.5
51	664037.5
52	576650.0
53	504340.5
54	442264.5
55	390542.0
56	347287.5
57	301667.0
58	256001.5
59	217772.5
60	186462.0
61	158527.0
62	130692.5
63	102687.0
64	78210.5
65	60575.5
66	48304.0
67	39463.5
68	32737.5
69	26835.5
70	22038.0
71	18265.0
72	14952.0
73	12121.0
74	9985.0
75	8017.5
76	6324.0
77	5085.5
78	4143.5
79	3444.0
80	2769.0
81	2090.5
82	1526.0
83	1111.0
84	834.0
85	622.0
86	492.5
87	419.5
88	349.5
89	304.0
90	273.0
91	246.0
92	235.0
93	227.5
94	219.5
95	214.5
96	214.0
97	215.0
98	213.5
99	211.5
100	213.0
>>END_MODULE
>>Per base N content	pass
#Base	N-Count
1	1.7354619147171168E-4
2	0.0
3	0.0
4	0.0
5	0.0
6	0.0
7	0.0
8	0.0
9	0.0
10-11	0.0
12-13	6.0415726767305276E-5
14-15	7.645435880744601E-4
16-17	0.0011160733166137643
18-19	4.712623763496504E-4
20-21	4.46002910926979E-4
22-23	0.006219966307160963
24-25	1.2303901894662473E-4
26-27	0.0
28-29	2.7904326522982164E-4
30-31	0.014801609814865842
32-33	0.03534071168467771
34-35	0.049254509725969384
36-37	0.003285007684171319
38-39	0.0
40-41	0.0
42-43	0.0
44-45	0.0
46-47	0.007583711339553719
48-49	0.018047716580372943
50-51	0.033808589715688085
52-53	0.04269708764567307
54-55	0.03907869401954005
56-57	8.714486722061863E-4
58-59	0.0
60-61	0.0
62-63	0.0
64-65	0.0
66-67	0.0
68-69	0.0
70-71	0.0
72-73	0.0
74-75	0.0
76-77	0.0
78-79	3.079974519370801E-5
80-81	0.027875791011464004
82-83	0.08136220419472474
84-85	0.08304191301234404
86-87	0.08645478469262764
88-89	0.0718816850066185
90-91	2.2368202720531003E-4
92-93	0.0
94-95	0.0010677584629316895
96-97	0.001385345523401767
98-99	0.004200856959077682
100-101	0.012172884435930096
>>END_MODULE
>>Sequence Length Distribution	fail
#Length	Count
0-4	1274.0
5-9	1388.0
10-14	1498.0
15-19	1615.0
20-24	1718.0
25-29	1720.0
30-34	1757.0
35-39	1895.0
40-44	2274.0
45-49	2652.0
50-54	3424.0
55-59	4492.0
60-64	6380.0
65-69	9047.0
70-74	13020.0
75-79	18595.0
80-84	27118.0
85-89	39477.0
90-94	61700.0
95-99	1353726.0
100-102	4.3966572E7
>>END_MODULE
>>Sequence Duplication Levels	pass
#Total Deduplicated Percentage	71.75549810193725
#Duplication Level	Percentage of deduplicated	Percentage of total
1	89.33174496063562	64.10043855965633
2	7.9092193519281695	11.350599483901743
3	1.1109623086618847	2.391529614915351
4	0.32706262503342887	0.938741662792033
5	0.1774469644506732	0.6366397660417406
6	0.12143321132646852	0.5228100338909134
7	0.08605531951524946	0.43224596212966604
8	0.07931488137780617	0.45530230561284396
9	0.06997313568750572	0.45188614845102737
>10	0.6867807187303638	10.159225586197127
>50	0.07453053583728327	3.6127926108592714
>100	0.023580938013333743	2.926233185699172
>500	8.623524992851976E-4	0.4291575745689835
>1k	0.0010326963029224643	1.5923975052837116
>5k	0.0	0.0
>10k+	0.0	0.0
>>END_MODULE
>>Overrepresented sequences	pass
>>END_MODULE
>>Adapter Content	pass
#Position	Illumina Universal Adapter	Illumina Small RNA 3' Adapter	Illumina Small RNA 5' Adapter	Nextera Transposase Sequence	SOLID Small RNA Adapter
1	0.0	0.0	0.0	8.787087164521644E-6	0.0
2	0.0	4.393543582260822E-6	0.0	1.3180630746782465E-5	0.0
3	0.0	4.393543582260822E-6	0.0	2.636126149356493E-5	0.0
4	0.0	6.590315373391233E-6	0.0	4.1738664031477807E-5	2.196771791130411E-6
5	0.0	8.787087164521644E-6	0.0	5.4919294778260274E-5	2.196771791130411E-6
6	0.0	1.0983858955652055E-5	0.0	5.931283836052109E-5	4.393543582260822E-6
7	0.0	1.3180630746782465E-5	0.0	6.590315373391233E-5	4.393543582260822E-6
8	0.0	1.5377402537912876E-5	0.0	7.249346910730357E-5	6.590315373391233E-6
9	0.0	2.416448970243452E-5	0.0	9.446118701860766E-5	6.590315373391233E-6
10-11	0.0	2.636126149356493E-5	3.2951576866956168E-6	1.0324827418312931E-4	6.590315373391233E-6
12-13	0.0	3.734512044921698E-5	1.0983858955652055E-5	1.252159920944334E-4	1.2082244851217261E-5
14-15	0.0	4.8328979404869043E-5	1.0983858955652055E-5	1.4279016642347673E-4	1.5377402537912876E-5
16-17	0.0	5.711606656939068E-5	1.3180630746782465E-5	1.7244658560373725E-4	2.196771791130411E-5
18-19	0.0	6.919831142060794E-5	1.3180630746782465E-5	1.9221753172391095E-4	2.416448970243452E-5
20-21	0.0	7.688701268956438E-5	1.3180630746782465E-5	2.0649654836625862E-4	2.416448970243452E-5
22-23	0.0	8.787087164521644E-5	1.3180630746782465E-5	2.2736588038199754E-4	2.7459647389130137E-5
24-25	0.0	9.995311649643369E-5	1.3180630746782465E-5	2.416448970243452E-4	3.404996276252137E-5
26-27	0.0	1.1313374724321616E-4	1.3180630746782465E-5	2.647110008312145E-4	3.624673455365178E-5
28-29	0.0	1.241176061988682E-4	1.5377402537912876E-5	2.822851751602578E-4	3.844350634478219E-5
30-31	0.0	1.3290469336338986E-4	1.5377402537912876E-5	2.976625776981707E-4	4.5033821718173425E-5
32-33	0.0	1.3729823694565068E-4	1.5377402537912876E-5	3.185319097139096E-4	5.272252298712986E-5
34-35	0.0	1.427901664234767E-4	1.7574174329043288E-5	3.37204469938518E-4	5.821445246495589E-5
36-37	0.0	1.4718371000573753E-4	1.7574174329043288E-5	3.52581872476431E-4	5.931283836052109E-5
38-39	0.0	1.5157725358799835E-4	2.0869332015738903E-5	3.7784474807443064E-4	6.15096101516515E-5
40-41	0.0	1.5706918306582438E-4	2.416448970243452E-5	4.031076236724304E-4	6.15096101516515E-5
42-43	0.0	1.6695465612591123E-4	2.416448970243452E-5	4.217801838970389E-4	6.370638194278192E-5
44-45	0.0	1.7024981381260685E-4	2.416448970243452E-5	4.448462877039082E-4	6.919831142060794E-5
46-47	0.0	1.7793851508156327E-4	2.5262875597999724E-5	4.690107774063427E-4	7.029669731617315E-5
48-49	0.0	1.8782398814165012E-4	2.7459647389130137E-5	4.887817235265165E-4	7.029669731617315E-5
50-51	0.0	1.9990623299286737E-4	2.8558033284695343E-5	5.030607401688642E-4	7.359185500286876E-5
52-53	0.0	2.0539816247069342E-4	3.185319097139096E-5	5.206349144979074E-4	7.688701268956438E-5
54-55	0.0	2.1418524963521504E-4	3.2951576866956164E-5	5.480945618870375E-4	8.896925754078164E-5
56-57	0.0	2.196771791130411E-4	3.2951576866956164E-5	5.788493669628633E-4	9.226441522747726E-5
58-59	0.0	2.2516910859086712E-4	3.2951576866956164E-5	6.04112242560863E-4	9.446118701860766E-5
60-61	0.0	2.3066103806869314E-4	3.2951576866956164E-5	6.260799604721672E-4	9.665795880973807E-5
62-63	0.0	2.3505458165095397E-4	3.404996276252137E-5	6.436541348012104E-4	1.010515023919989E-4
64-65	0.0	2.383497393376496E-4	3.5148348658086576E-5	6.590315373391233E-4	1.0214988828756411E-4
66-67	0.0	2.449400547110408E-4	3.5148348658086576E-5	6.689170103992101E-4	1.0654343186982494E-4
68-69	0.0	2.614158431445189E-4	3.5148348658086576E-5	6.755073257726013E-4	1.0764181776539013E-4
70-71	0.0	2.7020293030904056E-4	3.624673455365178E-5	6.853927988326882E-4	1.0983858955652055E-4
72-73	0.0	2.77891631577997E-4	3.734512044921698E-5	7.106556744306879E-4	1.1423213313878137E-4
74-75	0.0	2.8997387642921426E-4	3.9541892240347394E-5	7.348201641331224E-4	1.1642890492991178E-4
76-77	0.0	2.976625776981707E-4	3.9541892240347394E-5	7.523943384621657E-4	1.2192083440773781E-4
78-79	0.0	3.1194159434051836E-4	3.9541892240347394E-5	7.798539858512958E-4	1.23019220303303E-4
80-81	0.0	3.196302956094748E-4	3.9541892240347394E-5	7.941330024936436E-4	1.2741276388556383E-4
82-83	0.0	3.2622061098286603E-4	3.9541892240347394E-5	8.106087909271216E-4	1.3290469336338986E-4
84-85	0.0	3.3610608404295285E-4	4.1738664031477807E-5	8.314781229428606E-4	1.394950087367811E-4
86-87	0.0	3.4159801352077893E-4	4.613220761373863E-5	8.600361562275559E-4	1.438885523190419E-4
88-89	0.0	3.448931712074745E-4	4.613220761373863E-5	8.798071023477295E-4	1.4608532411017233E-4
90	0.0	3.448931712074745E-4	4.832897940486904E-5	8.918893471989468E-4	1.4938048179686793E-4
>>END_MODULE
