##FastQC	0.11.9
>>Basic Statistics	pass
#Measure	Value
Filename	phred25_SRR492407_1.fastq
File type	Conventional base calls
Encoding	Sanger / Illumina 1.9
Total Sequences	45521342
Sequences flagged as poor quality	0
Sequence length	0-101
%GC	39
>>END_MODULE
>>Per base sequence quality	fail
#Base	Mean	Median	Lower Quartile	Upper Quartile	10th Percentile	90th Percentile
1	37.329084180264175	39.0	37.0	39.0	34.0	39.0
2	37.12045046192732	39.0	37.0	39.0	34.0	39.0
3	37.11911607383783	39.0	37.0	39.0	34.0	39.0
4	37.11352203478196	39.0	37.0	39.0	34.0	39.0
5	36.886833638206646	38.0	37.0	39.0	33.0	39.0
6	36.91017716679398	39.0	37.0	39.0	33.0	39.0
7	36.841773257855024	38.0	36.0	39.0	33.0	39.0
8	36.80807713901644	38.0	36.0	39.0	33.0	39.0
9	36.74308745294595	38.0	36.0	39.0	33.0	39.0
10-11	36.6627005033045	38.0	36.0	39.0	32.5	39.0
12-13	36.5265592906735	38.0	36.0	39.0	32.0	39.0
14-15	36.45920154568206	38.0	36.0	39.0	31.0	39.0
16-17	36.35687332517739	38.0	36.0	39.0	31.0	39.0
18-19	36.22148685582668	38.0	36.0	39.0	31.0	39.0
20-21	36.18742729978669	38.0	36.0	39.0	31.0	39.0
22-23	36.09782822448368	38.0	36.0	39.0	31.0	39.0
24-25	35.98468088823482	38.0	35.0	39.0	31.0	39.0
26-27	36.06348625641455	38.0	36.0	39.0	31.0	39.0
28-29	35.91395556578007	38.0	35.5	39.0	31.0	39.0
30-31	35.85499561537989	38.0	35.5	39.0	31.0	39.0
32-33	35.754010511478626	38.0	35.0	39.0	30.0	39.0
34-35	35.58720213590597	37.0	35.0	39.0	30.0	39.0
36-37	35.48421465548919	37.0	35.0	39.0	30.0	39.0
38-39	35.1907909537388	37.0	35.0	39.0	29.0	39.0
40-41	34.86352023632128	37.0	34.0	39.0	28.0	39.0
42-43	34.595474777666595	37.0	34.0	39.0	27.0	39.0
44-45	34.41882041716687	37.0	34.0	39.0	27.0	39.0
46-47	34.3022122956678	37.0	34.0	39.0	27.0	39.0
48-49	34.06147960991112	37.0	33.0	39.0	26.0	39.0
50-51	33.88654192271851	37.0	33.0	39.0	26.0	39.0
52-53	33.611425172898706	36.0	33.0	39.0	25.0	39.0
54-55	33.173803675338114	36.0	32.5	38.5	24.0	39.0
56-57	32.906219399238566	36.0	32.0	38.0	23.0	39.0
58-59	32.733684281004884	36.0	32.0	38.0	23.0	39.0
60-61	32.540566949451545	36.0	32.0	37.5	22.0	39.0
62-63	32.210525882503546	36.0	31.5	37.0	21.0	39.0
64-65	31.888139946421987	35.5	31.0	37.0	20.0	39.0
66-67	31.58492261844961	35.5	30.5	37.0	18.0	39.0
68-69	31.09236194461251	35.0	30.0	37.0	16.5	39.0
70-71	30.43707985153774	34.5	29.5	37.0	12.5	39.0
72-73	29.54224629944757	34.0	27.5	36.0	8.5	38.0
74-75	29.135647603388662	33.5	27.0	36.0	4.5	37.0
76-77	30.463023145455594	35.5	29.0	37.5	2.0	39.0
78-79	30.119383392055973	35.0	29.0	37.0	2.0	39.0
80-81	30.026461510714377	35.0	28.5	37.5	2.0	39.0
82-83	29.8595740438604	35.0	28.5	37.0	2.0	39.0
84-85	29.41305760235515	35.0	27.5	37.0	2.0	39.0
86-87	28.675382031644602	34.5	26.5	37.0	2.0	39.0
88-89	28.20081716463357	34.0	25.5	37.0	2.0	39.0
90-91	27.56776388538426	34.0	24.5	37.0	2.0	39.0
92-93	26.828776205251543	33.0	21.5	36.5	2.0	38.5
94-95	25.841676693413625	32.5	17.5	36.0	2.0	38.0
96-97	24.11931875701073	31.5	2.0	36.0	2.0	37.0
98-99	23.554341667544968	31.0	2.0	36.0	2.0	37.0
100-101	22.43050348715618	29.5	2.0	35.5	2.0	37.0
>>END_MODULE
>>Per tile sequence quality	pass
#Tile	Base	Mean
1101	1	0.2726599814514614
1101	2	0.3531332420278801
1101	3	0.32739833194240475
1101	4	0.34135443185710557
1101	5	0.42934401860676275
1101	6	0.44668281913185837
1101	7	0.4785178457057455
1101	8	0.4945667105501883
1101	9	0.5313915848403639
1101	10-11	0.5417616942474339
1101	12-13	0.6097235293228849
1101	14-15	0.5881203397953243
1101	16-17	0.6025590843688917
1101	18-19	0.596306017452882
1101	20-21	0.3387958366569208
1101	22-23	0.24091496032385606
1101	24-25	0.23522505315246178
1101	26-27	0.2540256118991664
1101	28-29	0.2588955955941117
1101	30-31	0.24810838591893258
1101	32-33	0.2553855387933197
1101	34-35	0.33421676746008444
1101	36-37	0.23549274400336628
1101	38-39	0.39493240301231225
1101	40-41	0.6263641703856777
1101	42-43	0.6475684293125283
1101	44-45	0.5376560955070815
1101	46-47	0.31622126783327076
1101	48-49	0.31321109485348586
1101	50-51	0.295828167714852
1101	52-53	0.3911945079792929
1101	54-55	0.6092972517854776
1101	56-57	0.4494314456892994
1101	58-59	0.3144969082842195
1101	60-61	0.28539522342705936
1101	62-63	0.3374232403826056
1101	64-65	0.4644851291062615
1101	66-67	0.42147017369522644
1101	68-69	0.49613046196911625
1101	70-71	0.735655355683388
1101	72-73	0.9610567094993172
1101	74-75	0.9994058809722546
1101	76-77	0.9829389477087922
1101	78-79	1.007002190869244
1101	80-81	0.954135276475462
1101	82-83	0.9316308420366965
1101	84-85	1.0106767366592955
1101	86-87	1.03236188288016
1101	88-89	0.8910376435662677
1101	90-91	0.7660825719494895
1101	92-93	0.8144440854981418
1101	94-95	1.0174043276181592
1101	96-97	1.1189042003884992
1101	98-99	1.0130731189485083
1101	100-101	1.0384749617758118
1102	1	0.29500867213928217
1102	2	0.38289860054779723
1102	3	0.37532179340932004
1102	4	0.3550795033482501
1102	5	0.3110988178905245
1102	6	0.23601434783717679
1102	7	0.263847003108296
1102	8	0.22541966893879106
1102	9	0.22263458049709328
1102	10-11	0.07699983932865706
1102	12-13	0.08304430302452204
1102	14-15	0.06124554169926455
1102	16-17	0.10920757487750166
1102	18-19	0.03281827377785618
1102	20-21	0.19025111478802614
1102	22-23	0.3616913977934786
1102	24-25	0.4245188406164999
1102	26-27	0.6559679843322712
1102	28-29	0.6790515246438815
1102	30-31	0.6802410603097968
1102	32-33	0.6953342615322242
1102	34-35	0.7025502667342423
1102	36-37	0.644683424324306
1102	38-39	0.43532423899785044
1102	40-41	0.19251032900493215
1102	42-43	0.09546581817421895
1102	44-45	0.1376729298505026
1102	46-47	0.2839340614208439
1102	48-49	0.3059381891144284
1102	50-51	0.39920813714178394
1102	52-53	0.36910785785020295
1102	54-55	0.20640149727847756
1102	56-57	0.1988145760487896
1102	58-59	0.504107794592457
1102	60-61	0.5177747641603005
1102	62-63	0.6609699570047809
1102	64-65	0.6450037793246288
1102	66-67	0.6508592517083969
1102	68-69	0.5688367294424808
1102	70-71	0.24740996920564484
1102	72-73	-5.919111371710528E-4
1102	74-75	-0.0988965386205436
1102	76-77	-0.18891094422697208
1102	78-79	-0.1535418811137248
1102	80-81	-0.21925695463411898
1102	82-83	-0.11561158978182817
1102	84-85	-0.11460471972976904
1102	86-87	-0.087037031842641
1102	88-89	0.08292865873555755
1102	90-91	0.3646667683974947
1102	92-93	0.5110962897283429
1102	94-95	0.6970783253000477
1102	96-97	0.5584928113077652
1102	98-99	0.4673055027905555
1102	100-101	0.526240308949621
1103	1	0.23107847439168694
1103	2	0.2754697335232592
1103	3	0.25742677931516766
1103	4	0.24611139891639766
1103	5	0.343688142549361
1103	6	0.3088809274484561
1103	7	0.34366235971742043
1103	8	0.2800196020947183
1103	9	0.3734427685431214
1103	10-11	0.3512716838084202
1103	12-13	0.3942928886984589
1103	14-15	0.37381846315517464
1103	16-17	0.4085290674197495
1103	18-19	0.378075558361715
1103	20-21	0.40009381433028324
1103	22-23	0.346303165843743
1103	24-25	0.34702515588165284
1103	26-27	0.3092974941083
1103	28-29	0.3235169518791352
1103	30-31	0.31886852510715613
1103	32-33	0.3337391184185208
1103	34-35	0.3200065441614868
1103	36-37	0.356905470025886
1103	38-39	0.4539707845817418
1103	40-41	0.5031870545305708
1103	42-43	0.49416328468038273
1103	44-45	0.557202929122333
1103	46-47	0.47038871384357606
1103	48-49	0.47737429414611654
1103	50-51	0.4622637490293755
1103	52-53	0.47444771578935985
1103	54-55	0.4546190075543919
1103	56-57	0.4910462817145316
1103	58-59	0.4126841453120136
1103	60-61	0.34152471697185405
1103	62-63	0.278476492484117
1103	64-65	0.2534968298714837
1103	66-67	0.24583586908912736
1103	68-69	0.2917914754972202
1103	70-71	0.3994306270753718
1103	72-73	0.41239550843492623
1103	74-75	0.3841626366122526
1103	76-77	0.3891137706647818
1103	78-79	0.42322334732579847
1103	80-81	0.41750765432984593
1103	82-83	0.4217704564279927
1103	84-85	0.44901053898047394
1103	86-87	0.3867929848608078
1103	88-89	0.44071482221577796
1103	90-91	0.29437840703899454
1103	92-93	0.27847834981404773
1103	94-95	0.4328751760339955
1103	96-97	0.20425204301001187
1103	98-99	0.08758059254359196
1103	100-101	0.19703072260944055
1104	1	0.11194774826048359
1104	2	0.16937205549203327
1104	3	0.16549023850299704
1104	4	0.15058204404753894
1104	5	0.026524916435207047
1104	6	0.08723782308634753
1104	7	0.06618322034763935
1104	8	0.08115147405629841
1104	9	0.10066105274896131
1104	10-11	-0.005072832284263029
1104	12-13	-0.06962455036772042
1104	14-15	-0.04911676111748875
1104	16-17	-0.12752750342117025
1104	18-19	-0.06008032178971234
1104	20-21	-0.05327894390178045
1104	22-23	9.135799152204527E-5
1104	24-25	0.08659637383595964
1104	26-27	0.28528199271057986
1104	28-29	0.27656819697780577
1104	30-31	0.3110614268650451
1104	32-33	0.3652033210981003
1104	34-35	0.3800187341218262
1104	36-37	0.34420201312729404
1104	38-39	0.17155038647032228
1104	40-41	0.14321325747435765
1104	42-43	0.16061898378295325
1104	44-45	0.10726551748935975
1104	46-47	0.14718531363194387
1104	48-49	0.15718616698765686
1104	50-51	0.1969886991584744
1104	52-53	0.10825147561463666
1104	54-55	0.26692432420413326
1104	56-57	0.027651754739437706
1104	58-59	0.1775519194036832
1104	60-61	0.2883873333751268
1104	62-63	0.31464115419045413
1104	64-65	0.2906378716400049
1104	66-67	0.2871618746896374
1104	68-69	0.3906365743737368
1104	70-71	0.24436931175477739
1104	72-73	0.1094815319038176
1104	74-75	0.11860259961351005
1104	76-77	-0.027824923943324364
1104	78-79	0.028158398727242684
1104	80-81	-0.16081566005929915
1104	82-83	-0.10816457956227055
1104	84-85	-0.08649302514152168
1104	86-87	-0.03390054002094445
1104	88-89	0.036659823569682004
1104	90-91	0.21791685442317643
1104	92-93	0.4323479939708257
1104	94-95	0.6469856568628956
1104	96-97	0.7260237609942806
1104	98-99	0.6137908659527191
1104	100-101	0.750780170621681
1105	1	0.0653740226413575
1105	2	0.08375551402508563
1105	3	0.05365254612626558
1105	4	0.04675722880426747
1105	5	0.1344377558517067
1105	6	0.16847674523721423
1105	7	0.1607046608537388
1105	8	0.15457627531959872
1105	9	0.1919964415312947
1105	10-11	0.22032182634418263
1105	12-13	0.22678767615084894
1105	14-15	0.21261962072100715
1105	16-17	0.23845332896044624
1105	18-19	0.20616554937285514
1105	20-21	0.12203191689322779
1105	22-23	0.06361666423948265
1105	24-25	0.05001147392024308
1105	26-27	-0.1444976063835739
1105	28-29	-0.19135671509515362
1105	30-31	-0.18601561167448466
1105	32-33	-0.1433925657412516
1105	34-35	-0.10890077692274502
1105	36-37	-0.053190433951293414
1105	38-39	0.037578461391774454
1105	40-41	0.1531765302408843
1105	42-43	0.17440032795117588
1105	44-45	0.14437999478936803
1105	46-47	0.07396490557052005
1105	48-49	0.006910227266587299
1105	50-51	-0.09897323015203341
1105	52-53	-0.03798320118052345
1105	54-55	-0.0068552065012426056
1105	56-57	-0.042874482081401766
1105	58-59	-0.1369194098351656
1105	60-61	-0.276104274265478
1105	62-63	-0.34927289212133417
1105	64-65	-0.32214149145954707
1105	66-67	-0.25145578220679
1105	68-69	-0.34119184287705195
1105	70-71	-0.13392875759855016
1105	72-73	-0.0016319641434208165
1105	74-75	0.002883983259373224
1105	76-77	0.13063587408521826
1105	78-79	0.139334540557698
1105	80-81	0.13074645886170444
1105	82-83	0.10409237787261816
1105	84-85	0.14976434720972165
1105	86-87	0.1477162231388327
1105	88-89	0.06195426006798854
1105	90-91	-0.08842293828037384
1105	92-93	-0.04605599416879613
1105	94-95	0.03313221420054191
1105	96-97	-0.17167223591193803
1105	98-99	-0.19050827520722535
1105	100-101	-0.13502010264861752
1106	1	-0.1401412286344268
1106	2	-0.1153307996334405
1106	3	-0.12445578574129712
1106	4	-0.14849887357244285
1106	5	-0.1880418506497108
1106	6	-0.19838722683072518
1106	7	-0.20085865142338832
1106	8	-0.16663766980295946
1106	9	-0.2656691811898284
1106	10-11	-0.1958337465141753
1106	12-13	-0.21134549774031086
1106	14-15	-0.20871486080595503
1106	16-17	-0.2054361584570472
1106	18-19	-0.2736993194277062
1106	20-21	-0.1064063763540446
1106	22-23	-0.07735567194066562
1106	24-25	-0.08423989893565675
1106	26-27	-0.12752994044051036
1106	28-29	-0.14249637711640162
1106	30-31	-0.1739147732116706
1106	32-33	-0.18502182844684967
1106	34-35	-0.17486219313988727
1106	36-37	-0.08942853252018068
1106	38-39	-0.14350245108890647
1106	40-41	-0.16674500180794638
1106	42-43	-0.09306656602351637
1106	44-45	-0.11445901801258884
1106	46-47	-0.11122772776887757
1106	48-49	-0.10344740428691068
1106	50-51	-0.16476405170478614
1106	52-53	-0.1626302084399356
1106	54-55	-0.34980861148737574
1106	56-57	-0.17201448330355618
1106	58-59	-0.22848248958172235
1106	60-61	-0.21014505278110107
1106	62-63	-0.2800423501447433
1106	64-65	-0.37451544976461904
1106	66-67	-0.24694324718206317
1106	68-69	-0.19369657705351884
1106	70-71	-0.29846519616665645
1106	72-73	-0.35910291038834785
1106	74-75	-0.38316711847257423
1106	76-77	-0.21306119489444342
1106	78-79	-0.2349956970905751
1106	80-81	-0.15083904649727842
1106	82-83	-0.11991622352999087
1106	84-85	-0.07555259572568929
1106	86-87	-0.10827589561705864
1106	88-89	-0.003808877310593317
1106	90-91	-0.015027609609155945
1106	92-93	-0.004750455296903766
1106	94-95	-0.04290536729215688
1106	96-97	-0.008449418051391433
1106	98-99	0.030138388917240633
1106	100-101	0.07567688643772286
1107	1	-0.38316026558112526
1107	2	-0.32494888203536476
1107	3	-0.3751595116089632
1107	4	-0.3132517669203736
1107	5	-0.27264905926168126
1107	6	-0.16551209777830422
1107	7	-0.17984477752585804
1107	8	-0.20712756684758915
1107	9	-0.15931366505086686
1107	10-11	-0.17531322553215745
1107	12-13	-0.12237007706707459
1107	14-15	-0.11022804606952263
1107	16-17	-0.13196452160488548
1107	18-19	-0.15919642095832387
1107	20-21	-0.19176794211229975
1107	22-23	-0.2725283952641391
1107	24-25	-0.2524033279278797
1107	26-27	-0.39751366549090505
1107	28-29	-0.4741910118118966
1107	30-31	-0.455693354379612
1107	32-33	-0.43829657992100834
1107	34-35	-0.4418894262957096
1107	36-37	-0.4384839506954563
1107	38-39	-0.3727199448500116
1107	40-41	-0.21918714492822744
1107	42-43	-0.23595001254120973
1107	44-45	-0.207093069672716
1107	46-47	-0.26265004208070764
1107	48-49	-0.29706710905610123
1107	50-51	-0.2919170197399765
1107	52-53	-0.2659737120176402
1107	54-55	-0.16393652502392086
1107	56-57	-0.2042668067207103
1107	58-59	-0.26935170166717626
1107	60-61	-0.3516961786248629
1107	62-63	-0.3531114217574789
1107	64-65	-0.3977546025331087
1107	66-67	-0.27667443614893017
1107	68-69	-0.1908810684160187
1107	70-71	-0.1113136098732106
1107	72-73	0.010435631175408133
1107	74-75	0.16470440638849482
1107	76-77	0.14717709049595484
1107	78-79	0.2000792888689915
1107	80-81	0.26339294050058726
1107	82-83	0.2851663020691788
1107	84-85	0.3209406142026374
1107	86-87	0.37813360325254664
1107	88-89	0.37838441181331106
1107	90-91	0.3304944940036876
1107	92-93	0.373853104047118
1107	94-95	0.38662529282046165
1107	96-97	0.5700083827836551
1107	98-99	0.5738538607354506
1107	100-101	0.4476141370005955
1108	1	-0.6996548103065052
1108	2	-0.6763251027546104
1108	3	-0.6257931125223166
1108	4	-0.5937184991924553
1108	5	-0.6263420762968082
1108	6	-0.6850175833622814
1108	7	-0.7229648335323802
1108	8	-0.726112132623193
1108	9	-0.778473031500333
1108	10-11	-0.723840157581435
1108	12-13	-0.7906448629408516
1108	14-15	-0.735865710674247
1108	16-17	-0.6919965781880677
1108	18-19	-0.6597948084989085
1108	20-21	-0.6479445360192884
1108	22-23	-0.5559551173380086
1108	24-25	-0.5716101184463582
1108	26-27	-0.7780335433922971
1108	28-29	-0.7707861287232731
1108	30-31	-0.763181142340855
1108	32-33	-0.7067355225738865
1108	34-35	-0.6868430761323339
1108	36-37	-0.5722444957246111
1108	38-39	-0.6090156454438826
1108	40-41	-0.7985655990987155
1108	42-43	-0.7471809603713595
1108	44-45	-0.6540500554463478
1108	46-47	-0.5473370909466979
1108	48-49	-0.48835385496901296
1108	50-51	-0.4763479238420629
1108	52-53	-0.5214265036225854
1108	54-55	-0.6491853394383824
1108	56-57	-0.5936737853569554
1108	58-59	-0.48725983103629744
1108	60-61	-0.46294631027573985
1108	62-63	-0.3321226718080226
1108	64-65	-0.4607404443304155
1108	66-67	-0.27366390959133824
1108	68-69	-0.3738587635445896
1108	70-71	-0.3373754344328823
1108	72-73	-0.3956373326184348
1108	74-75	-0.5429737987323797
1108	76-77	-0.4116340878050515
1108	78-79	-0.32717244264811285
1108	80-81	-0.18823360733806282
1108	82-83	-0.07479288784323046
1108	84-85	0.054965793568719334
1108	86-87	-0.01208040604537075
1108	88-89	0.06061190753643686
1108	90-91	0.08588332629989281
1108	92-93	0.14974477200217606
1108	94-95	0.13801529481062857
1108	96-97	-0.21513158963037782
1108	98-99	-0.026964975714140138
1108	100-101	-0.5022316805619127
1201	1	0.2707869989377656
1201	2	0.34231672192146334
1201	3	0.3029392323880131
1201	4	0.32979938676935205
1201	5	0.4308095881496712
1201	6	0.45579389293018835
1201	7	0.5168769718663029
1201	8	0.5216496136278295
1201	9	0.5648203967316618
1201	10-11	0.596848880754699
1201	12-13	0.6502751333646444
1201	14-15	0.6503815154747912
1201	16-17	0.6187274102474021
1201	18-19	0.6386258147150841
1201	20-21	0.3912450557468006
1201	22-23	0.3492365690727439
1201	24-25	0.3675641562976679
1201	26-27	0.37659810352310785
1201	28-29	0.3930952809557269
1201	30-31	0.4208186795161808
1201	32-33	0.4367187008827429
1201	34-35	0.4754109498805974
1201	36-37	0.45892639855110673
1201	38-39	0.5710264327338948
1201	40-41	0.7309841252913003
1201	42-43	0.7674361045678779
1201	44-45	0.6863235550960738
1201	46-47	0.5028846842682242
1201	48-49	0.44962489933536176
1201	50-51	0.550711023872573
1201	52-53	0.59732485091493
1201	54-55	0.7864067167531417
1201	56-57	0.5480483369343929
1201	58-59	0.615857079895548
1201	60-61	0.5743991331394724
1201	62-63	0.6002009930261067
1201	64-65	0.66988552979468
1201	66-67	0.7114565537901854
1201	68-69	0.7465546323669301
1201	70-71	0.9478375244387642
1201	72-73	1.1191079516031088
1201	74-75	1.1644275422517296
1201	76-77	1.0841477099626537
1201	78-79	1.0734548765135408
1201	80-81	1.0285031487403913
1201	82-83	0.9950851190685199
1201	84-85	1.018091233463359
1201	86-87	1.0733461966486288
1201	88-89	0.8098232857446739
1201	90-91	0.8583232489170598
1201	92-93	0.8144125862026854
1201	94-95	0.9693801067078311
1201	96-97	0.8470239620952071
1201	98-99	0.782185854281181
1201	100-101	0.9323799538331237
1202	1	0.2514394981610337
1202	2	0.3221147375070714
1202	3	0.3231212030756936
1202	4	0.3116028464048384
1202	5	0.2645958590854107
1202	6	0.16594439685217566
1202	7	0.05152806295698298
1202	8	0.11028389499637115
1202	9	0.22680905809522045
1202	10-11	0.1930702911628046
1202	12-13	0.16253747643843042
1202	14-15	0.1694190676037124
1202	16-17	0.12132465510930501
1202	18-19	0.06784066362006058
1202	20-21	0.19721479740319836
1202	22-23	0.3080496218929625
1202	24-25	0.41753010611650154
1202	26-27	0.6686919317326669
1202	28-29	0.6881482076735637
1202	30-31	0.7048098919338557
1202	32-33	0.6895790370882722
1202	34-35	0.6807418943357462
1202	36-37	0.6171573252558247
1202	38-39	0.4847790084368242
1202	40-41	0.2120879874547228
1202	42-43	0.07638321922811997
1202	44-45	0.13649303782128897
1202	46-47	0.2834399800795495
1202	48-49	0.26522520325211474
1202	50-51	0.37582936461307526
1202	52-53	0.37219657158074426
1202	54-55	0.2654950166105934
1202	56-57	0.3616145618804296
1202	58-59	0.5538549998839244
1202	60-61	0.5944385284032023
1202	62-63	0.8001817730218761
1202	64-65	0.835144984453013
1202	66-67	0.7924516966763377
1202	68-69	0.7261531564958688
1202	70-71	0.39665743403103093
1202	72-73	0.19967609762102256
1202	74-75	-0.0505000160699538
1202	76-77	-0.0771154997958412
1202	78-79	-0.08770662765349613
1202	80-81	-0.09856701547182922
1202	82-83	-0.02939640915254671
1202	84-85	-0.04858402356322955
1202	86-87	0.06055892802242724
1202	88-89	0.22808666886878015
1202	90-91	0.4770540123312017
1202	92-93	0.6688362499441176
1202	94-95	0.8299966747171013
1202	96-97	0.6586979168793832
1202	98-99	0.5801224337149584
1202	100-101	0.6840219024837211
1203	1	0.16515041772766637
1203	2	0.21812583795048113
1203	3	0.21372060725932585
1203	4	0.2106186565230317
1203	5	0.2804745824438797
1203	6	0.2481945266392458
1203	7	0.25251547162528
1203	8	0.2937157394908212
1203	9	0.23537558330205854
1203	10-11	0.2875646548864168
1203	12-13	0.30412339826772694
1203	14-15	0.3386112357810589
1203	16-17	0.34902313286788456
1203	18-19	0.3774324736744603
1203	20-21	0.3393964910255889
1203	22-23	0.305021222642857
1203	24-25	0.2840018948628682
1203	26-27	0.34004745634630495
1203	28-29	0.3647312931751685
1203	30-31	0.3506449872120001
1203	32-33	0.3400107130952392
1203	34-35	0.3247690099473033
1203	36-37	0.29448480674705735
1203	38-39	0.32937318392621506
1203	40-41	0.43160893692790125
1203	42-43	0.4005797143085488
1203	44-45	0.39743832546156455
1203	46-47	0.4371618751007986
1203	48-49	0.4048049176247446
1203	50-51	0.46281398573723465
1203	52-53	0.43854283634554747
1203	54-55	0.47111176717029224
1203	56-57	0.4347965681632644
1203	58-59	0.37275284076335424
1203	60-61	0.35538177097289747
1203	62-63	0.36428944947481057
1203	64-65	0.35973026775639383
1203	66-67	0.3312256181843658
1203	68-69	0.40619993711524316
1203	70-71	0.48402353922315555
1203	72-73	0.4689495095706917
1203	74-75	0.4482879191922251
1203	76-77	0.4952391515088834
1203	78-79	0.4883799929673387
1203	80-81	0.424700993294266
1203	82-83	0.4250888545825795
1203	84-85	0.44768182763635167
1203	86-87	0.3486347976939861
1203	88-89	0.4366886774285881
1203	90-91	0.23537981695232446
1203	92-93	0.1937939317335271
1203	94-95	0.3097535502109565
1203	96-97	0.16369264405970796
1203	98-99	0.09143739130032102
1203	100-101	0.17697344019443761
1204	1	0.13583073020168968
1204	2	0.15941565267464597
1204	3	0.15070275664989907
1204	4	0.16190098314756085
1204	5	0.13633408867268315
1204	6	0.05042881944288524
1204	7	0.028429283592721788
1204	8	0.019967371603328843
1204	9	0.04805449881943247
1204	10-11	-0.13597746301739733
1204	12-13	-0.15394790916491274
1204	14-15	-0.11856818855191875
1204	16-17	-0.15206755720692655
1204	18-19	-0.0563285251415806
1204	20-21	-0.1498512688950271
1204	22-23	-0.027867517527319308
1204	24-25	0.06040873425376958
1204	26-27	0.3460074856498778
1204	28-29	0.2950907945505463
1204	30-31	0.3426542057196613
1204	32-33	0.3608792759167798
1204	34-35	0.3588682882764047
1204	36-37	0.2807877903974614
1204	38-39	0.1818871741208241
1204	40-41	0.06705449964046295
1204	42-43	0.09220297739349803
1204	44-45	0.03689977652981469
1204	46-47	0.17070756445262703
1204	48-49	0.14220876029435203
1204	50-51	0.08792205342715675
1204	52-53	0.15318758750397166
1204	54-55	0.09690752576513972
1204	56-57	0.09705630114120822
1204	58-59	0.1361519481614124
1204	60-61	0.2652370682434082
1204	62-63	0.412123767723628
1204	64-65	0.4097139745850775
1204	66-67	0.3909976408057645
1204	68-69	0.3628283438131703
1204	70-71	0.24550923254603063
1204	72-73	0.19209528238457096
1204	74-75	0.08517167747495336
1204	76-77	0.06846683987439306
1204	78-79	0.1083494796914195
1204	80-81	0.011751321981822827
1204	82-83	0.01013016588144211
1204	84-85	-0.02516727712089306
1204	86-87	0.106387266676645
1204	88-89	-0.06966610699648967
1204	90-91	0.25449787103460153
1204	92-93	0.3772634951176812
1204	94-95	0.5429234893444885
1204	96-97	0.5402728715310587
1204	98-99	0.4605926019498554
1204	100-101	0.6101021558832151
1205	1	-0.002439806600527561
1205	2	0.036084021337629224
1205	3	0.01561564735349208
1205	4	0.016012391363041445
1205	5	0.0944998315898431
1205	6	0.13048440531838423
1205	7	0.15836443355769347
1205	8	0.09591883127895073
1205	9	0.1375485819862945
1205	10-11	0.1862261511057497
1205	12-13	0.2069432500731736
1205	14-15	0.2208069571456761
1205	16-17	0.23611652309149633
1205	18-19	0.2454292384094714
1205	20-21	0.14704795250045066
1205	22-23	0.045512509676321145
1205	24-25	0.06488366452104799
1205	26-27	-0.1152423151515336
1205	28-29	-0.08767512388214982
1205	30-31	-0.08776928776568838
1205	32-33	-0.04594503465108346
1205	34-35	-0.07245640660492825
1205	36-37	-0.029738710147761083
1205	38-39	0.03443375752473088
1205	40-41	0.2095139160491044
1205	42-43	0.1937579288778437
1205	44-45	0.16815363359989277
1205	46-47	0.16151590408501448
1205	48-49	0.10163945730785429
1205	50-51	0.08295750332975871
1205	52-53	0.09076668629403173
1205	54-55	0.199560204343193
1205	56-57	0.09875219380284506
1205	58-59	-0.04240333065801849
1205	60-61	-0.07749199099438897
1205	62-63	-0.11616524372967518
1205	64-65	-0.20038029236681965
1205	66-67	-0.13497651981906955
1205	68-69	-0.12535315912225542
1205	70-71	-0.05676446148067171
1205	72-73	-0.014339021000900232
1205	74-75	0.04173307461825004
1205	76-77	0.18805017670014834
1205	78-79	0.21243958014427378
1205	80-81	0.11597317548910269
1205	82-83	0.14033790946172076
1205	84-85	0.06811573152317152
1205	86-87	0.1647644632766081
1205	88-89	0.1206851984641304
1205	90-91	0.01506810110461032
1205	92-93	-0.06841461350986933
1205	94-95	-0.07486144419301155
1205	96-97	-0.24671513676433676
1205	98-99	-0.3215010949082
1205	100-101	-0.15395362428678538
1206	1	-0.13360036893733707
1206	2	-0.12216390818356615
1206	3	-0.11568630402396707
1206	4	-0.15338942183733195
1206	5	-0.22578448406677865
1206	6	-0.1949167790985058
1206	7	-0.1959514488013454
1206	8	-0.21923118811531594
1206	9	-0.18147911459552546
1206	10-11	-0.23690229795237627
1206	12-13	-0.2380492282253357
1206	14-15	-0.2594708867283799
1206	16-17	-0.2585007811914437
1206	18-19	-0.3551362047679447
1206	20-21	-0.1483191227231231
1206	22-23	-0.11309954642105424
1206	24-25	-0.0981093762074039
1206	26-27	-0.05863603034665488
1206	28-29	-0.08248875867784022
1206	30-31	-0.10919671321336466
1206	32-33	-0.10706090205646035
1206	34-35	-0.12161537438972658
1206	36-37	-0.07047015425784053
1206	38-39	-0.11400177326462568
1206	40-41	-0.12413727900855065
1206	42-43	-0.10391737492132336
1206	44-45	-0.07669492814962808
1206	46-47	-0.09574067854835278
1206	48-49	-0.082874975332345
1206	50-51	-0.10818424340705945
1206	52-53	-0.17104252233856698
1206	54-55	-0.32069357650567554
1206	56-57	-0.16021693318732844
1206	58-59	-0.2732638792348965
1206	60-61	-0.2024606604881285
1206	62-63	-0.19476329274640136
1206	64-65	-0.21229447255107559
1206	66-67	-0.22070822273104795
1206	68-69	-0.1892712375456611
1206	70-71	-0.31183755884527287
1206	72-73	-0.5622467109673188
1206	74-75	-0.4395449650740062
1206	76-77	-0.30296323235066325
1206	78-79	-0.30688151778966244
1206	80-81	-0.2558950568461569
1206	82-83	-0.19064304970215673
1206	84-85	-0.18813459177335545
1206	86-87	-0.24517914052012202
1206	88-89	-0.20197300525776285
1206	90-91	-0.2533040204679793
1206	92-93	-0.2295446564837853
1206	94-95	-0.13707678452010796
1206	96-97	-0.1332767308338738
1206	98-99	-0.18367206716510154
1206	100-101	0.006131510809751717
1207	1	-0.2357708003982495
1207	2	-0.23341878099849822
1207	3	-0.2488965617833614
1207	4	-0.27065883067111685
1207	5	-0.20723226678438778
1207	6	-0.15315308336705158
1207	7	-0.1456985061660987
1207	8	-0.14111309059573784
1207	9	-0.13344675323968147
1207	10-11	-0.09974343436643096
1207	12-13	-0.08450339337432666
1207	14-15	-0.08398647561321582
1207	16-17	-0.11265475669861758
1207	18-19	-0.09276069201479942
1207	20-21	-0.15630946082188757
1207	22-23	-0.23567803673645926
1207	24-25	-0.2515181678263332
1207	26-27	-0.3907914630857334
1207	28-29	-0.40394848570727504
1207	30-31	-0.3992580940612811
1207	32-33	-0.42180764392232106
1207	34-35	-0.45053562681141557
1207	36-37	-0.32460304041154586
1207	38-39	-0.336058630896396
1207	40-41	-0.20829803849109396
1207	42-43	-0.23985775191044922
1207	44-45	-0.21548962806988925
1207	46-47	-0.2777313226437599
1207	48-49	-0.27745755958608953
1207	50-51	-0.31637490997831463
1207	52-53	-0.3173012920378824
1207	54-55	-0.15172494311338625
1207	56-57	-0.2274109653380023
1207	58-59	-0.33603369588223586
1207	60-61	-0.29581684001809094
1207	62-63	-0.3227078690527634
1207	64-65	-0.3288337994705195
1207	66-67	-0.315179578364269
1207	68-69	-0.28078383154360864
1207	70-71	-0.17532615785276562
1207	72-73	-0.07513236233161891
1207	74-75	-0.03495878515423101
1207	76-77	0.1031252505974436
1207	78-79	0.14620872024318743
1207	80-81	0.20109611197258914
1207	82-83	0.29628587015007213
1207	84-85	0.23948928259709845
1207	86-87	0.28204074216542097
1207	88-89	0.19710665649845893
1207	90-91	0.12186066564469655
1207	92-93	0.10589509854316503
1207	94-95	0.26100162289001005
1207	96-97	0.29563474818569446
1207	98-99	0.30111510241324524
1207	100-101	0.2429154004221168
1208	1	-0.5067484818441201
1208	2	-0.6173605168763601
1208	3	-0.5378211526663819
1208	4	-0.5802092580454072
1208	5	-0.5435163112362886
1208	6	-0.6056620233959435
1208	7	-0.5939472068924374
1208	8	-0.5920460333708277
1208	9	-0.6945360060963779
1208	10-11	-0.6447151506873965
1208	12-13	-0.7435073209327214
1208	14-15	-0.6246899143154252
1208	16-17	-0.6453391012515652
1208	18-19	-0.5986396734968551
1208	20-21	-0.5244100465583657
1208	22-23	-0.48061631350743284
1208	24-25	-0.49212213344587497
1208	26-27	-0.648902906497824
1208	28-29	-0.6596767662947443
1208	30-31	-0.6516213438962453
1208	32-33	-0.7092026609205746
1208	34-35	-0.6709314111408773
1208	36-37	-0.4787066150459651
1208	38-39	-0.5396901629069433
1208	40-41	-0.6113268274786563
1208	42-43	-0.6542375980535198
1208	44-45	-0.5949802981342387
1208	46-47	-0.5953613067811858
1208	48-49	-0.5447964314701608
1208	50-51	-0.46510635690466984
1208	52-53	-0.41102057917612456
1208	54-55	-0.4920956961177012
1208	56-57	-0.3800946468407318
1208	58-59	-0.4646005229260197
1208	60-61	-0.3923416988473747
1208	62-63	-0.46617304376393776
1208	64-65	-0.5115418217694447
1208	66-67	-0.4185434179611036
1208	68-69	-0.4512188744002259
1208	70-71	-0.3630852146181702
1208	72-73	-0.40014622889352935
1208	74-75	-0.25393664423924633
1208	76-77	-0.28532419596701786
1208	78-79	-0.30666497272975946
1208	80-81	-0.09137923202422726
1208	82-83	-0.07906869716067177
1208	84-85	-0.1987375765064101
1208	86-87	-0.17627278200542307
1208	88-89	-0.11813869320374337
1208	90-91	-0.20552554756222463
1208	92-93	-0.2679626646414732
1208	94-95	-0.3256518795804588
1208	96-97	-0.48096527358887897
1208	98-99	-0.48443294821397487
1208	100-101	-0.6795607656333473
2101	1	0.3939273121357587
2101	2	0.37499326166472713
2101	3	0.3864489123443988
2101	4	0.3804917970094479
2101	5	0.4784460016077574
2101	6	0.4753653220337455
2101	7	0.508359433480976
2101	8	0.5239568810150743
2101	9	0.5559516687942789
2101	10-11	0.6151628529730218
2101	12-13	0.6516063886993493
2101	14-15	0.6475719994044553
2101	16-17	0.6339510646859168
2101	18-19	0.6409224719383531
2101	20-21	0.41059643302107673
2101	22-23	0.3253727628942116
2101	24-25	0.3194152402254531
2101	26-27	0.353303999774802
2101	28-29	0.3328133006063183
2101	30-31	0.3316640532624078
2101	32-33	0.3145874638288504
2101	34-35	0.32501667134005174
2101	36-37	0.3112282329577809
2101	38-39	0.43537478797610873
2101	40-41	0.6279958352510278
2101	42-43	0.6733948052619851
2101	44-45	0.6717930962192113
2101	46-47	0.39718799572374053
2101	48-49	0.2934004145471363
2101	50-51	0.3980730915806632
2101	52-53	0.3415893749146903
2101	54-55	0.585464109052829
2101	56-57	0.33356985745966483
2101	58-59	0.29250508141818443
2101	60-61	0.3074161789032317
2101	62-63	0.29140528502297514
2101	64-65	0.3072535543284225
2101	66-67	0.30527768966760505
2101	68-69	0.3024657097259009
2101	70-71	0.4845865621924865
2101	72-73	0.6087492785678847
2101	74-75	0.6955228240459839
2101	76-77	0.7337628699362178
2101	78-79	0.7069906512843254
2101	80-81	0.6457497820528744
2101	82-83	0.6056564988186537
2101	84-85	0.5629774760732502
2101	86-87	0.5953525629013079
2101	88-89	0.442788567158491
2101	90-91	0.2451154966017306
2101	92-93	0.21384715071264182
2101	94-95	0.19591767229147194
2101	96-97	0.278156328265041
2101	98-99	0.37058181124298883
2101	100-101	0.31061910965852135
2102	1	0.33907453249476305
2102	2	0.40371656544192547
2102	3	0.37478645138730116
2102	4	0.3678870398340095
2102	5	0.2290007173152162
2102	6	0.2865905938624138
2102	7	0.3165921435051118
2102	8	0.2758240030077843
2102	9	0.23982889190428835
2102	10-11	0.29429847281378585
2102	12-13	0.2891176828038269
2102	14-15	0.21696918618764016
2102	16-17	0.14797242765970964
2102	18-19	0.12348467102589922
2102	20-21	0.23558286421510388
2102	22-23	0.34798389085829484
2102	24-25	0.37978726201305335
2102	26-27	0.5534988504583112
2102	28-29	0.5677125792876225
2102	30-31	0.5929360882929231
2102	32-33	0.5529011845077179
2102	34-35	0.5467085057820213
2102	36-37	0.4053786809957387
2102	38-39	0.21852340341840915
2102	40-41	0.11926516254261799
2102	42-43	0.06083596801129687
2102	44-45	0.004671007272825989
2102	46-47	0.14369812914478075
2102	48-49	0.2206990171921035
2102	50-51	0.24609283619773237
2102	52-53	0.12099183226034427
2102	54-55	-0.06312996580617636
2102	56-57	0.06803338541816117
2102	58-59	0.16302267710894114
2102	60-61	0.31920698862937513
2102	62-63	0.37273582928361293
2102	64-65	0.4257000503668813
2102	66-67	0.31862329780055276
2102	68-69	0.2146044718524891
2102	70-71	-0.19208699200401114
2102	72-73	-0.508681892720027
2102	74-75	-0.5531677871176086
2102	76-77	-0.5961038234954579
2102	78-79	-0.7960218477576078
2102	80-81	-0.7141995540777302
2102	82-83	-0.8021304893550933
2102	84-85	-0.8152056281198234
2102	86-87	-0.8713948283795894
2102	88-89	-0.5655992632954288
2102	90-91	-0.38788808100489547
2102	92-93	-0.321021912144861
2102	94-95	-0.4342535439497581
2102	96-97	-0.4061425846149689
2102	98-99	-0.23390019508991955
2102	100-101	-0.30769907366176596
2103	1	0.2725978035764811
2103	2	0.29706342566134225
2103	3	0.27747668357000776
2103	4	0.2689202941836797
2103	5	0.30542814047515776
2103	6	0.30527572126307945
2103	7	0.28815178013142173
2103	8	0.31468990839110234
2103	9	0.3668876525565352
2103	10-11	0.40679255922734114
2103	12-13	0.4350502965851035
2103	14-15	0.42367789165232494
2103	16-17	0.4008662845291724
2103	18-19	0.40455934250010017
2103	20-21	0.3889470611233037
2103	22-23	0.3233332854800395
2103	24-25	0.27959830104754246
2103	26-27	0.22933984055447354
2103	28-29	0.21950355673182287
2103	30-31	0.2446446652212373
2103	32-33	0.22543447441784537
2103	34-35	0.21254894783635336
2103	36-37	0.29458613947713985
2103	38-39	0.32145658213547534
2103	40-41	0.36587336482912747
2103	42-43	0.4106487919865458
2103	44-45	0.43415070954359436
2103	46-47	0.3623350516581283
2103	48-49	0.3511250146912559
2103	50-51	0.3161680157040294
2103	52-53	0.2962481890510418
2103	54-55	0.36561091449097916
2103	56-57	0.37418581292899944
2103	58-59	0.24896234436029374
2103	60-61	0.18275106350675685
2103	62-63	0.06822789372619553
2103	64-65	0.10326484315811868
2103	66-67	0.020631804121919117
2103	68-69	0.03566048203386174
2103	70-71	0.1567886633789719
2103	72-73	0.21172761207925106
2103	74-75	0.2346200930628619
2103	76-77	0.14362618616156908
2103	78-79	0.17897336924001905
2103	80-81	0.09042125030183001
2103	82-83	0.06253060821039824
2103	84-85	0.029463745322317436
2103	86-87	-0.04818466244304531
2103	88-89	-0.06985805266142009
2103	90-91	-0.29462657167501405
2103	92-93	-0.4799372660431338
2103	94-95	-0.6104153795683374
2103	96-97	-0.6235709980113313
2103	98-99	-0.5693154453312665
2103	100-101	-0.5061008221282215
2104	1	0.13223526108313877
2104	2	0.16018361880912835
2104	3	0.14131221932075277
2104	4	0.12993868272025821
2104	5	-0.06651920753406415
2104	6	0.011786289120315985
2104	7	0.0030770741357244447
2104	8	0.011932248429474157
2104	9	-0.11082276246724376
2104	10-11	0.026984660961758777
2104	12-13	-0.09296077952103587
2104	14-15	-0.08069809447878384
2104	16-17	-0.1823377585969439
2104	18-19	-0.050038051738951594
2104	20-21	-0.11852136356282728
2104	22-23	-0.05105835891033195
2104	24-25	-0.03592900424108336
2104	26-27	0.18939782120519766
2104	28-29	0.1668649168166354
2104	30-31	0.1923332551949244
2104	32-33	0.23672141853417372
2104	34-35	0.260887969494334
2104	36-37	0.12037840859908755
2104	38-39	0.04859418106762803
2104	40-41	-0.13315181309535262
2104	42-43	-0.10344764361308023
2104	44-45	-0.12640410613526853
2104	46-47	-0.07723284109243878
2104	48-49	-0.03889805335177243
2104	50-51	0.0029825075933089806
2104	52-53	0.030495172854571706
2104	54-55	-0.06706208107876677
2104	56-57	0.022031931177806996
2104	58-59	0.08213668413745268
2104	60-61	0.13768523824253975
2104	62-63	0.10878938798366988
2104	64-65	0.07824311062158174
2104	66-67	0.12029998759432203
2104	68-69	0.130943003689989
2104	70-71	0.02403988298834392
2104	72-73	-0.1267302182154637
2104	74-75	-0.16839743262671902
2104	76-77	-0.2590017143384351
2104	78-79	-0.210637790982112
2104	80-81	-0.2545392202745944
2104	82-83	-0.3662743502501762
2104	84-85	-0.37462809594594404
2104	86-87	-0.4150789135060968
2104	88-89	-0.3424294632063223
2104	90-91	-0.22297635553022843
2104	92-93	-0.21941102688090197
2104	94-95	-0.2664492164230694
2104	96-97	-0.18931165493152946
2104	98-99	-0.05764094411966525
2104	100-101	-0.06666760506139724
2105	1	0.07086208965264973
2105	2	0.0844799216108214
2105	3	0.049355604429209166
2105	4	0.04365658901545544
2105	5	0.06902504276112609
2105	6	0.13963835240335243
2105	7	0.1372584100909009
2105	8	0.14774545544084106
2105	9	0.16446388763463915
2105	10-11	0.19683769471237156
2105	12-13	0.20603330470852654
2105	14-15	0.19737970082178435
2105	16-17	0.21199593933654626
2105	18-19	0.16823341914839318
2105	20-21	0.11493793536440222
2105	22-23	0.011324980574315191
2105	24-25	-0.0675301543124931
2105	26-27	-0.17087991816284642
2105	28-29	-0.18512705269641572
2105	30-31	-0.1648322901305903
2105	32-33	-0.1516171276277305
2105	34-35	-0.20206491993026532
2105	36-37	-0.15321820274237297
2105	38-39	-0.09010253361628173
2105	40-41	0.041296288747744825
2105	42-43	0.06211161755665273
2105	44-45	0.02027112491449401
2105	46-47	-0.030056589731636052
2105	48-49	-0.08747683959468588
2105	50-51	-0.08624171390929547
2105	52-53	-0.09787375310482815
2105	54-55	0.035342264107370625
2105	56-57	-0.030409829270169553
2105	58-59	-0.2117681045773594
2105	60-61	-0.2523473014162647
2105	62-63	-0.2888937145679904
2105	64-65	-0.2925803181906055
2105	66-67	-0.3792953431919699
2105	68-69	-0.352027122693336
2105	70-71	-0.17623587784697392
2105	72-73	-0.09213569129178723
2105	74-75	-0.06716537103867637
2105	76-77	-0.04694638316827948
2105	78-79	-0.10800258106414873
2105	80-81	-0.2338837561156808
2105	82-83	-0.17737269873596517
2105	84-85	-0.20988471536488618
2105	86-87	-0.2594252120166942
2105	88-89	-0.41200768761878237
2105	90-91	-0.5048328185894562
2105	92-93	-0.6889818411957798
2105	94-95	-0.7196333698744297
2105	96-97	-0.9779704656964618
2105	98-99	-0.8552629505287754
2105	100-101	-0.84282519781366
2106	1	-0.0878182356918984
2106	2	-0.1562874312335083
2106	3	-0.12964851030072566
2106	4	-0.14692530636128964
2106	5	-0.2373627533195446
2106	6	-0.20339725639863104
2106	7	-0.1969318473951418
2106	8	-0.19467838084839428
2106	9	-0.22928012008618737
2106	10-11	-0.2576841592736656
2106	12-13	-0.3467286670003489
2106	14-15	-0.2908993952806469
2106	16-17	-0.29174404176337276
2106	18-19	-0.2903007686183514
2106	20-21	-0.16908744779767204
2106	22-23	-0.08934059606741585
2106	24-25	-0.13403764061578727
2106	26-27	-0.17492942635590936
2106	28-29	-0.16939243397381176
2106	30-31	-0.1638004345699855
2106	32-33	-0.1772195159751817
2106	34-35	-0.19350324150379095
2106	36-37	-0.15938849803603006
2106	38-39	-0.1658026071279295
2106	40-41	-0.19692774235283395
2106	42-43	-0.2371465464422684
2106	44-45	-0.16263045877364135
2106	46-47	-0.13058104574926688
2106	48-49	-0.16715708141188657
2106	50-51	-0.19404775867675284
2106	52-53	-0.19984673757954852
2106	54-55	-0.2778899870491074
2106	56-57	-0.1800524312923244
2106	58-59	-0.23322188759571816
2106	60-61	-0.2448262561249237
2106	62-63	-0.3413423961663362
2106	64-65	-0.3616822342669863
2106	66-67	-0.3825243872757724
2106	68-69	-0.4446977400516907
2106	70-71	-0.4831500025506976
2106	72-73	-0.4408822989990604
2106	74-75	-0.4075108437514956
2106	76-77	-0.3983517670408041
2106	78-79	-0.47628562110280015
2106	80-81	-0.34010383164993385
2106	82-83	-0.37900624904656866
2106	84-85	-0.351495637076674
2106	86-87	-0.5051749491208923
2106	88-89	-0.46925168921231375
2106	90-91	-0.4917213133937324
2106	92-93	-0.5901604856718272
2106	94-95	-0.6898890415266301
2106	96-97	-0.770434943673802
2106	98-99	-0.7515222398847712
2106	100-101	-0.5980907248744813
2107	1	-0.21406344232059382
2107	2	-0.347980820475172
2107	3	-0.29816626370605803
2107	4	-0.31856166283076703
2107	5	-0.24990843345928226
2107	6	-0.19393515849363752
2107	7	-0.22177101335309146
2107	8	-0.20474035763727017
2107	9	-0.196565467690327
2107	10-11	-0.16242494892316728
2107	12-13	-0.10382111698804408
2107	14-15	-0.16494270552978207
2107	16-17	-0.1181056193872223
2107	18-19	-0.195736555061913
2107	20-21	-0.20137507196238147
2107	22-23	-0.30028559820507184
2107	24-25	-0.35818368775814236
2107	26-27	-0.4639987866314499
2107	28-29	-0.4637735599552002
2107	30-31	-0.5288310299717125
2107	32-33	-0.5805156883351046
2107	34-35	-0.5640329292117485
2107	36-37	-0.5498837851626845
2107	38-39	-0.41475041991603945
2107	40-41	-0.3346956498229048
2107	42-43	-0.2717417295683191
2107	44-45	-0.28516548508807205
2107	46-47	-0.33913518700692435
2107	48-49	-0.33432022752937485
2107	50-51	-0.3140639620138117
2107	52-53	-0.3298869531811164
2107	54-55	-0.18356996215301535
2107	56-57	-0.24973359746373092
2107	58-59	-0.23676335184539
2107	60-61	-0.3746818444466271
2107	62-63	-0.43629778085342963
2107	64-65	-0.35336779350298286
2107	66-67	-0.39823230713904323
2107	68-69	-0.4248031132624206
2107	70-71	-0.25833893519112294
2107	72-73	-0.09135476298836664
2107	74-75	-0.05174542852208219
2107	76-77	-0.06460628091782539
2107	78-79	-0.02270374575646983
2107	80-81	0.01469526221671913
2107	82-83	-0.005923398182584805
2107	84-85	0.030057265682359002
2107	86-87	0.018791468533297717
2107	88-89	-0.011732966129688549
2107	90-91	-0.15787786873853094
2107	92-93	-0.30506392436375407
2107	94-95	-0.320721615055227
2107	96-97	-0.48747616028387597
2107	98-99	-0.39869773832757716
2107	100-101	-0.4085790652336243
2108	1	-0.5606172549739412
2108	2	-0.7281734012935175
2108	3	-0.6329410095914341
2108	4	-0.6520901051081509
2108	5	-0.6412273589137527
2108	6	-0.7679319651197858
2108	7	-0.8066423910677258
2108	8	-0.7743816659407443
2108	9	-0.8596453843162735
2108	10-11	-0.9258849776751887
2108	12-13	-0.9170387161259015
2108	14-15	-0.8948232918368291
2108	16-17	-0.7666626086472021
2108	18-19	-0.7331774019609156
2108	20-21	-0.5670121829589405
2108	22-23	-0.5280865829302357
2108	24-25	-0.5157522331161744
2108	26-27	-0.7191505473114859
2108	28-29	-0.7582321213133127
2108	30-31	-0.7595857854326837
2108	32-33	-0.764864785681489
2108	34-35	-0.695392574753086
2108	36-37	-0.6455292820895053
2108	38-39	-0.7821246470358076
2108	40-41	-0.9030043398324494
2108	42-43	-0.8040106097252675
2108	44-45	-0.8425524005052552
2108	46-47	-0.5887259247277257
2108	48-49	-0.5451395654038862
2108	50-51	-0.533466675882984
2108	52-53	-0.5910137482142517
2108	54-55	-0.6264669509404328
2108	56-57	-0.43924056633552766
2108	58-59	-0.4417237622656529
2108	60-61	-0.3756823412474404
2108	62-63	-0.4258152793947474
2108	64-65	-0.4144015208181422
2108	66-67	-0.28798533290325423
2108	68-69	-0.28272867208868036
2108	70-71	-0.3107281360194101
2108	72-73	-0.3376635605247955
2108	74-75	-0.37860594026163596
2108	76-77	-0.4778626347124586
2108	78-79	-0.41047875656546395
2108	80-81	-0.28212479375955013
2108	82-83	-0.15544709964452608
2108	84-85	-0.162286327994682
2108	86-87	-0.21387329116936016
2108	88-89	-0.051437346087539026
2108	90-91	0.03921216617494849
2108	92-93	-0.02940439197888267
2108	94-95	-0.17149972879190756
2108	96-97	-0.49577745072625845
2108	98-99	-0.3969206166210135
2108	100-101	-0.6504044308018919
2201	1	0.3896859013819167
2201	2	0.42114693330573516
2201	3	0.38291641015419486
2201	4	0.38985771832189187
2201	5	0.48727125177157404
2201	6	0.4800675181629188
2201	7	0.523887956932171
2201	8	0.5335921699151811
2201	9	0.5515769106303949
2201	10-11	0.5921592392223971
2201	12-13	0.5934626778338483
2201	14-15	0.5984943011340675
2201	16-17	0.5690171741231467
2201	18-19	0.5694774977159796
2201	20-21	0.39717950940875113
2201	22-23	0.3384848433764489
2201	24-25	0.3093496755623022
2201	26-27	0.2912693525768475
2201	28-29	0.33272978721385016
2201	30-31	0.31603675580490886
2201	32-33	0.25959388148108786
2201	34-35	0.2326861317404294
2201	36-37	0.030651385962450206
2201	38-39	0.3093044096840103
2201	40-41	0.50922282706847
2201	42-43	0.5260080988922908
2201	44-45	0.4967728870154886
2201	46-47	0.2897597469777864
2201	48-49	0.2545964001338703
2201	50-51	0.15158061279849022
2201	52-53	0.3169558417692784
2201	54-55	0.44160555116976496
2201	56-57	0.037490076107346226
2201	58-59	0.15712853510093794
2201	60-61	0.15311106925923923
2201	62-63	0.19181927239687013
2201	64-65	0.031643435508033946
2201	66-67	0.18579368938715746
2201	68-69	0.10211255989807455
2201	70-71	-0.057829260452553655
2201	72-73	0.2829907261646838
2201	74-75	0.35437471945233767
2201	76-77	0.47877994466283624
2201	78-79	0.4334592882680397
2201	80-81	0.42855578130715344
2201	82-83	0.34815023994968186
2201	84-85	0.3690034626065284
2201	86-87	0.23793516819396743
2201	88-89	0.12330371695001574
2201	90-91	0.058490790222059275
2201	92-93	0.05038132968271114
2201	94-95	0.027362593104697908
2201	96-97	0.21027666410362045
2201	98-99	0.23085303627757625
2201	100-101	0.21445106457956342
2202	1	0.2877303365570185
2202	2	0.334427499311289
2202	3	0.32894345791669366
2202	4	0.3234822000259001
2202	5	0.06474181789094757
2202	6	0.18570610500913887
2202	7	0.18414097570587273
2202	8	0.19375748994000475
2202	9	0.16849662834616197
2202	10-11	0.13515877561132328
2202	12-13	0.0558953933308004
2202	14-15	0.02237408251021833
2202	16-17	-0.2647363882740166
2202	18-19	-0.07778106234621873
2202	20-21	0.06665433685149225
2202	22-23	0.3133101638315381
2202	24-25	0.3181063939890407
2202	26-27	0.6176888843129476
2202	28-29	0.6455285998757887
2202	30-31	0.6474749049609088
2202	32-33	0.6119988707541708
2202	34-35	0.6386155768033319
2202	36-37	0.3538729703556527
2202	38-39	0.17671482298532482
2202	40-41	-0.05469916484257453
2202	42-43	-0.26918317160716754
2202	44-45	-0.16344265485567888
2202	46-47	-0.053326642884897524
2202	48-49	0.085560859876054
2202	50-51	0.08587399573028875
2202	52-53	0.0848499914977765
2202	54-55	-0.1001352701951177
2202	56-57	0.061873598706057464
2202	58-59	0.26205209221517833
2202	60-61	0.3281042848217197
2202	62-63	0.45912854355684374
2202	64-65	0.5182816688775809
2202	66-67	0.38398123853127686
2202	68-69	0.29330520704179364
2202	70-71	-0.20342583416246285
2202	72-73	-0.4764159672330379
2202	74-75	-0.5124882457717028
2202	76-77	-0.5888464911793285
2202	78-79	-0.7479575854873346
2202	80-81	-0.7967628005758627
2202	82-83	-0.8813753334866625
2202	84-85	-0.9421904884655561
2202	86-87	-0.6990251620083683
2202	88-89	-0.5380814590050278
2202	90-91	-0.23937673740122278
2202	92-93	-0.0015274488168266487
2202	94-95	-0.11361459768284021
2202	96-97	0.26711607814811344
2202	98-99	0.3398707626380606
2202	100-101	0.235104486599365
2203	1	0.2561900626858744
2203	2	0.278547344730967
2203	3	0.2609300183311447
2203	4	0.25666916768306436
2203	5	0.31997799092818724
2203	6	0.22529309460658453
2203	7	0.2438097643251993
2203	8	0.2463916411163254
2203	9	0.3114242429558445
2203	10-11	0.33813231801019583
2203	12-13	0.4059077920723695
2203	14-15	0.35151258828516774
2203	16-17	0.3807461030858761
2203	18-19	0.38589877215659385
2203	20-21	0.38767049207449134
2203	22-23	0.3423203386963465
2203	24-25	0.2628942122708082
2203	26-27	0.2507066350271998
2203	28-29	0.30653383411965507
2203	30-31	0.30530604213947043
2203	32-33	0.24766269216351589
2203	34-35	0.2149935496983133
2203	36-37	0.19313131621991175
2203	38-39	0.27879462616566997
2203	40-41	0.3331455410479549
2203	42-43	0.3434898803351132
2203	44-45	0.4080086991416536
2203	46-47	0.32835380059279373
2203	48-49	0.3547167852016244
2203	50-51	0.3022917257159108
2203	52-53	0.3116851096084332
2203	54-55	0.3163960120206042
2203	56-57	0.3455820829684342
2203	58-59	0.32897960253029623
2203	60-61	0.24958436633475145
2203	62-63	0.1684748772822786
2203	64-65	0.19575270358116725
2203	66-67	0.07824787291048807
2203	68-69	0.12585303875056653
2203	70-71	0.14673433716414053
2203	72-73	0.09915763270788602
2203	74-75	0.13396029679270782
2203	76-77	0.14140373062668132
2203	78-79	0.07570162912125511
2203	80-81	0.024374851824831012
2203	82-83	-0.00503153144583024
2203	84-85	-0.06010704405981926
2203	86-87	-0.06457080528703685
2203	88-89	-0.14982402166387487
2203	90-91	-0.31271986386008166
2203	92-93	-0.35256492043445675
2203	94-95	-0.43074918014879415
2203	96-97	-0.15512874795053477
2203	98-99	-0.16714436394165588
2203	100-101	-0.17693030043690783
2204	1	0.16516373782495464
2204	2	0.17134786043892092
2204	3	0.14465942873167137
2204	4	0.16035522715135642
2204	5	0.09513097094175293
2204	6	0.0703278594573078
2204	7	-0.013079831030083255
2204	8	0.07092136009863736
2204	9	-0.014171516903992654
2204	10-11	-0.035301516320124904
2204	12-13	-0.05515910867109142
2204	14-15	-0.060128416543221874
2204	16-17	-0.0416997960712564
2204	18-19	-0.051258782519028045
2204	20-21	-0.14700869368973457
2204	22-23	-0.15572719373323451
2204	24-25	-0.07086153169291265
2204	26-27	0.224311953517784
2204	28-29	0.22146967979643506
2204	30-31	0.2487897858448136
2204	32-33	0.2543565949263211
2204	34-35	0.22459885885363917
2204	36-37	0.1867584871354353
2204	38-39	0.08159648795794539
2204	40-41	-0.037028781353598106
2204	42-43	-0.13045235609659755
2204	44-45	-0.20441113109071551
2204	46-47	-0.1433320312399502
2204	48-49	-0.09810651802362713
2204	50-51	-0.11149446902786764
2204	52-53	-0.1023771399339779
2204	54-55	-0.20287860836468496
2204	56-57	-0.06449648921941531
2204	58-59	0.04102127088733454
2204	60-61	0.06501053358974929
2204	62-63	0.11108957438666778
2204	64-65	0.05679920823101625
2204	66-67	0.021701422849787377
2204	68-69	0.06500039513947797
2204	70-71	-0.05673678206543897
2204	72-73	-0.18494892062365764
2204	74-75	-0.09603521072524757
2204	76-77	-0.2190792568849993
2204	78-79	-0.27665638148378235
2204	80-81	-0.27174675415719207
2204	82-83	-0.49475743837126984
2204	84-85	-0.43078148692266893
2204	86-87	-0.42291594899701934
2204	88-89	-0.4808521355053408
2204	90-91	-0.23478467330715702
2204	92-93	-0.15090694904799662
2204	94-95	-0.19733666604679456
2204	96-97	0.05974695946777331
2204	98-99	0.05661789229663938
2204	100-101	0.05100738372830094
2205	1	0.0674683267400269
2205	2	0.06887498593162178
2205	3	0.0503639006780503
2205	4	0.04246024548079674
2205	5	0.10577181098127397
2205	6	0.11772469989850265
2205	7	0.1403392019581986
2205	8	0.12263439421305122
2205	9	0.1267986484546455
2205	10-11	0.14657674456467618
2205	12-13	0.158491913481555
2205	14-15	0.12346619463031061
2205	16-17	0.15712131113557604
2205	18-19	0.1382819754361151
2205	20-21	0.10057259006457286
2205	22-23	0.021159508216058498
2205	24-25	-0.052400213727977984
2205	26-27	-0.17676624035290445
2205	28-29	-0.15254859033650803
2205	30-31	-0.14636035205425912
2205	32-33	-0.1397083950692135
2205	34-35	-0.16955511651421773
2205	36-37	-0.20219695138343496
2205	38-39	-0.0481007308063468
2205	40-41	0.034067425989739775
2205	42-43	0.08652220613441841
2205	44-45	0.07412547226538635
2205	46-47	-0.023458208900791533
2205	48-49	-0.024584130326850584
2205	50-51	-0.06220216917796506
2205	52-53	-0.04008671386336715
2205	54-55	0.038028350634370156
2205	56-57	-0.024937837791398465
2205	58-59	-0.10683258054620381
2205	60-61	-0.23448085392860207
2205	62-63	-0.2781789271668984
2205	64-65	-0.2641440042623735
2205	66-67	-0.30403454227689153
2205	68-69	-0.36518823258082733
2205	70-71	-0.06700051916290661
2205	72-73	0.059129891133174795
2205	74-75	0.01873275654846651
2205	76-77	0.03543813351337732
2205	78-79	0.015551105287563871
2205	80-81	-0.018646867160896363
2205	82-83	-0.06131073522296049
2205	84-85	-0.14775687053747077
2205	86-87	-0.12160400848398822
2205	88-89	-0.32616621397858836
2205	90-91	-0.40908696424624225
2205	92-93	-0.5484927941367275
2205	94-95	-0.7745026858213535
2205	96-97	-0.637640261639099
2205	98-99	-0.6830199101015886
2205	100-101	-0.5719594420746432
2206	1	-0.14494518243403576
2206	2	-0.2005974445606995
2206	3	-0.20769750767505712
2206	4	-0.21575468434501488
2206	5	-0.31261046646152835
2206	6	-0.3310784771789699
2206	7	-0.31407805602204064
2206	8	-0.32203561409930614
2206	9	-0.3353244464073555
2206	10-11	-0.3932189337085603
2206	12-13	-0.4491836486353691
2206	14-15	-0.4200302987232831
2206	16-17	-0.3110942259041565
2206	18-19	-0.39420717431791275
2206	20-21	-0.16690616193641716
2206	22-23	-0.14755015826404616
2206	24-25	-0.16323793483875448
2206	26-27	-0.1446697906909975
2206	28-29	-0.14642922600974373
2206	30-31	-0.15661749516763024
2206	32-33	-0.12438616712275063
2206	34-35	-0.1745843897039947
2206	36-37	-0.1424246080120497
2206	38-39	-0.17870078600719808
2206	40-41	-0.2858690388134235
2206	42-43	-0.24461307412759936
2206	44-45	-0.23724912495271155
2206	46-47	-0.17569406675566768
2206	48-49	-0.16406379599663268
2206	50-51	-0.2129441842968376
2206	52-53	-0.2637282411011057
2206	54-55	-0.4389940819658449
2206	56-57	-0.23747038875924886
2206	58-59	-0.2519092093899573
2206	60-61	-0.28950857975195277
2206	62-63	-0.26200965739172943
2206	64-65	-0.28193041673682373
2206	66-67	-0.39868679724982314
2206	68-69	-0.3809442416451958
2206	70-71	-0.424524415052435
2206	72-73	-0.4145631396563374
2206	74-75	-0.4273817060561669
2206	76-77	-0.43499350824540883
2206	78-79	-0.3314094883726355
2206	80-81	-0.3187530892293786
2206	82-83	-0.3802601829326129
2206	84-85	-0.40722258604689543
2206	86-87	-0.5246696190013687
2206	88-89	-0.4542176491897898
2206	90-91	-0.4932849513247888
2206	92-93	-0.5702990035710975
2206	94-95	-0.6533913886272273
2206	96-97	-0.38500928513290944
2206	98-99	-0.4893691583671007
2206	100-101	-0.39030689398315843
2207	1	-0.2860789794111227
2207	2	-0.35413282316542904
2207	3	-0.3531562905961181
2207	4	-0.3354426172509761
2207	5	-0.26042976838348864
2207	6	-0.25355093327756606
2207	7	-0.22182725099447254
2207	8	-0.2901534443038045
2207	9	-0.27141162342061875
2207	10-11	-0.24748335500652985
2207	12-13	-0.2180775938100723
2207	14-15	-0.24346144009618342
2207	16-17	-0.18522089261564645
2207	18-19	-0.20381723849598643
2207	20-21	-0.2333096178200904
2207	22-23	-0.3486375424333872
2207	24-25	-0.37915807094443466
2207	26-27	-0.5091265491587933
2207	28-29	-0.5099762821292444
2207	30-31	-0.5442180705798947
2207	32-33	-0.560335998631956
2207	34-35	-0.599299670098361
2207	36-37	-0.5096381167259452
2207	38-39	-0.43080419296253325
2207	40-41	-0.35640896087735996
2207	42-43	-0.2930028900113584
2207	44-45	-0.31907713072831
2207	46-47	-0.37611045420327116
2207	48-49	-0.371710059623922
2207	50-51	-0.45886794801420905
2207	52-53	-0.35967776498777937
2207	54-55	-0.35199902677273087
2207	56-57	-0.34659494902666665
2207	58-59	-0.4076026451773629
2207	60-61	-0.4198323823966277
2207	62-63	-0.44606495245004396
2207	64-65	-0.39803261185491934
2207	66-67	-0.49103377928352643
2207	68-69	-0.4353279292232983
2207	70-71	-0.26958577266598027
2207	72-73	-0.06854421633429553
2207	74-75	-0.08072025179882303
2207	76-77	-0.16026455917380744
2207	78-79	-0.1794038067750563
2207	80-81	-0.1363594391994667
2207	82-83	-0.14121128863931887
2207	84-85	-0.14963207403109635
2207	86-87	-0.0740597975415902
2207	88-89	-0.1434016730901746
2207	90-91	-0.20259180166130264
2207	92-93	-0.1942254728540469
2207	94-95	-0.2850527591080514
2207	96-97	-0.020284623063581364
2207	98-99	0.02278889064448819
2207	100-101	-0.04164615517063197
2208	1	-0.7791730509111758
2208	2	-1.0607476227036514
2208	3	-0.933160212670316
2208	4	-0.8050368064720246
2208	5	-0.7749773095807129
2208	6	-0.8433716754399541
2208	7	-0.8526502393937605
2208	8	-0.8804575893390023
2208	9	-0.8880240054078925
2208	10-11	-0.9667721408923668
2208	12-13	-0.8363306342907748
2208	14-15	-0.85084419963718
2208	16-17	-0.6985227922189949
2208	18-19	-0.721598738150675
2208	20-21	-0.6467099643536542
2208	22-23	-0.6599406141251691
2208	24-25	-0.6798230445297051
2208	26-27	-0.924766668276547
2208	28-29	-0.8741554661752176
2208	30-31	-0.9654969348544
2208	32-33	-0.9239961307619353
2208	34-35	-0.9061715333130991
2208	36-37	-0.7094802172287871
2208	38-39	-0.7398406066641812
2208	40-41	-0.8705218706727891
2208	42-43	-0.8377798714423932
2208	44-45	-0.815579302024851
2208	46-47	-0.5410378333214183
2208	48-49	-0.5587680958614811
2208	50-51	-0.5225888526162379
2208	52-53	-0.6259665310494853
2208	54-55	-0.6927446804275945
2208	56-57	-0.5964905728933729
2208	58-59	-0.5351295218362324
2208	60-61	-0.5050456963729744
2208	62-63	-0.6470159978317227
2208	64-65	-0.4706956673259448
2208	66-67	-0.4860780781773819
2208	68-69	-0.42710377315744097
2208	70-71	-0.22530352163974854
2208	72-73	-0.1842042527783896
2208	74-75	-0.2993943262523331
2208	76-77	-0.36901517835904585
2208	78-79	-0.2607857147371533
2208	80-81	-0.21949733027784646
2208	82-83	-0.05823101248321194
2208	84-85	0.038226708601207804
2208	86-87	0.04990670576178147
2208	88-89	0.09767200479473814
2208	90-91	0.14962352555656722
2208	92-93	0.0843313842437432
2208	94-95	-0.24044734870303586
2208	96-97	-0.09334181071465864
2208	98-99	-0.21203518312533376
2208	100-101	-0.4675477112160671
>>END_MODULE
>>Per sequence quality scores	pass
#Quality	Count
2	25141.0
3	9538.0
4	20663.0
5	28221.0
6	48130.0
7	67474.0
8	93260.0
9	110652.0
10	135459.0
11	156933.0
12	184742.0
13	202377.0
14	225963.0
15	251389.0
16	276123.0
17	311908.0
18	340684.0
19	383578.0
20	420564.0
21	470542.0
22	519524.0
23	582149.0
24	655903.0
25	738637.0
26	849852.0
27	980681.0
28	1146805.0
29	1335967.0
30	1559604.0
31	1833914.0
32	2192048.0
33	2691054.0
34	3416120.0
35	4473874.0
36	6014742.0
37	8029018.0
38	4735867.0
39	1736.0
>>END_MODULE
>>Per base sequence content	pass
#Base	G	A	T	C
1	18.049311809874546	30.678071385146705	31.71594752008583	19.55666928489292
2	19.222422817472673	32.69626750594692	30.826063116618535	17.25524655996187
3	18.891208521626375	31.890356569005935	30.72116632689396	18.49726858247373
4	21.597587652284812	30.21555276399904	29.134146573471774	19.052713010244375
5	20.4797156702692	31.4616298306267	29.83294490089699	18.225709598207104
6	20.58820692850952	31.213570361248273	28.054295382004952	20.143927328237258
7	19.94999777234764	30.63027271473844	30.346209691245623	19.0735198216683
8	19.631798046523734	30.585048118077147	30.347111601618014	19.4360422337811
9	19.244335422200542	30.44950526528637	30.44569140051705	19.86046791199604
10-11	19.460423369477745	31.074530213525787	29.86775509267911	19.59729132431736
12-13	19.40055319034646	30.884013201035902	30.353508942533576	19.361924666084064
14-15	19.201640445546264	30.842294489138816	30.514632920242786	19.44143214507213
16-17	19.151015332159176	30.726267612567675	30.6696429145213	19.453074140751845
18-19	19.33476854541252	30.475208481819966	30.658316115475508	19.531706857292008
20-21	19.356292356183204	30.450024449611302	30.593765885216545	19.59991730898895
22-23	19.39942847387452	30.525976732479766	30.51559953007071	19.558995263575007
24-25	19.475029264509693	30.4543424924482	30.443948344170213	19.626679898871892
26-27	19.505310152660357	30.47353747097504	30.413007745920982	19.608144630443626
28-29	19.49618015193027	30.45335477445307	30.413849662309072	19.63661541130758
30-31	19.543923647928402	30.446128126375577	30.388566923022363	19.621381302673658
32-33	19.589175060565523	30.500936561650967	30.256452128656818	19.653436249126695
34-35	19.55545180343387	30.50184396759737	30.30853983132422	19.63416439764454
36-37	19.595412509625795	30.506469729277086	30.24492191822735	19.653195842869767
38-39	19.652813818834403	30.48432617083851	30.2263687706606	19.636491239666487
40-41	19.649980914356636	30.43796269335483	30.194676638791258	19.717379753497276
42-43	19.54449111746241	30.551765229292982	30.18317839512895	19.72056525811566
44-45	19.57734041263407	30.55262259725997	30.217662851961496	19.652374138144463
46-47	19.66173085077717	30.474553847666147	30.130476175689363	19.73323912586732
48-49	19.653951729090874	30.465137836683944	30.154539968560567	19.72637046566462
50-51	19.650778694386396	30.429237264631087	30.173169053501216	19.746814987481304
52-53	19.688144272941194	30.41594708609304	30.214921483432995	19.68098715753277
54-55	19.644583917937574	30.436826048481485	30.158130351289593	19.760459682291344
56-57	19.699286675138623	30.46608356424064	30.057678884409306	19.77695087621143
58-59	19.626434725963247	30.37810595560366	30.276022773548533	19.71943654488456
60-61	19.699277526553583	30.38068327210946	30.156078721290307	19.76396048004665
62-63	19.65325911060439	30.47346267538684	30.14806073257462	19.725217481434143
64-65	19.730070911862114	30.484734652115414	30.103521656445082	19.681672779577386
66-67	19.75699280047919	30.383836592940998	30.06199740123014	19.797173205349676
68-69	19.76213618247029	30.29917987464688	30.127953839590432	19.8107301032924
70-71	19.67693038879715	30.405292250826538	30.197356983841594	19.720420376534722
72-73	19.804109564971046	30.358743399581638	30.141613443980308	19.695533591466997
74-75	19.86121271356893	30.349540546357407	30.072574332740594	19.716672407333068
76-77	19.732587551339652	30.283513926631834	30.16871548657078	19.815183035457732
78-79	19.738564635273782	30.363083075626985	30.180694061038082	19.71765822806115
80-81	19.78163627973421	30.284923654700602	30.166033503111805	19.76740656245338
82-83	19.79710590619342	30.232943600602884	30.216514042391495	19.7534364508122
84-85	19.78594215533434	30.32926896296762	30.130973808573735	19.75381507312431
86-87	19.78972984449352	30.325559060924384	30.153977641494134	19.73073345308796
88-89	19.86612096609433	30.27730173628806	30.11406610981186	19.742511187805757
90-91	19.81790186538956	30.301856820016283	30.081184506400678	19.799056808193487
92-93	19.821295741988177	30.323735372761853	30.071131116335586	19.783837768914385
94-95	19.845081924236236	30.394930348687314	29.99974666793303	19.760241059143414
96-97	19.96751147218518	30.12699130012319	30.078571663627407	19.82692556406422
98-99	19.97526623704061	29.2070714632263	30.639109793401552	20.178552506331542
100-101	19.554303652501925	29.610197064231425	30.494458386426587	20.34104089684006
>>END_MODULE
>>Per sequence GC content	warn
#GC Content	Count
0	411.0
1	411.5
2	412.0
3	415.0
4	430.0
5	453.5
6	500.5
7	566.5
8	682.0
9	932.5
10	1343.0
11	2120.0
12	3563.0
13	6239.0
14	10278.0
15	15978.5
16	24944.0
17	37961.5
18	55218.5
19	78092.5
20	110152.5
21	152742.5
22	203463.0
23	263860.5
24	333593.5
25	413520.5
26	507894.0
27	615839.0
28	736317.5
29	869624.0
30	1017963.5
31	1174490.0
32	1345312.0
33	1543121.5
34	1787138.5
35	2082461.0
36	2377873.5
37	2592692.5
38	2686130.0
39	2672978.0
40	2558139.0
41	2348191.0
42	2098227.0
43	1875538.0
44	1692684.0
45	1529789.0
46	1369664.0
47	1203945.0
48	1037848.0
49	887394.5
50	758856.0
51	652320.0
52	566331.5
53	498117.5
54	439122.0
55	388063.5
56	345932.0
57	299350.0
58	252380.5
59	213948.0
60	184598.5
61	157393.5
62	127832.0
63	98276.5
64	73509.5
65	56868.0
66	45925.0
67	38397.0
68	32189.0
69	26828.0
70	22593.5
71	18842.5
72	15444.5
73	12616.5
74	10353.5
75	8363.0
76	6721.5
77	5582.0
78	4624.0
79	3760.5
80	3044.0
81	2445.0
82	1880.5
83	1358.5
84	1021.5
85	801.0
86	648.5
87	567.0
88	496.5
89	424.0
90	368.5
91	337.0
92	326.0
93	310.0
94	296.5
95	291.0
96	291.0
97	289.0
98	288.0
99	288.0
100	288.0
>>END_MODULE
>>Per base N content	pass
#Base	N-Count
1	0.011618855154593382
2	0.022774367920122447
3	0.0
4	0.0
5	0.02205210985175701
6	0.0
7	0.0
8	0.0
9	6.59077969692739E-6
10-11	1.2083238264794697E-5
12-13	2.7462330196293047E-5
14-15	0.0
16-17	0.0
18-19	2.087234562398476E-5
20-21	0.0
22-23	0.0
24-25	0.0029618215598088285
26-27	0.04239997293889896
28-29	0.06524335460354291
30-31	0.05481379175294356
32-33	0.038016014496052804
34-35	0.01634400154817555
36-37	7.163535022588648E-4
38-39	0.0
40-41	0.0
42-43	0.0
44-45	0.0
46-47	0.0
48-49	0.0
50-51	0.0
52-53	0.0
54-55	2.1978635447626783E-6
56-57	0.0
58-59	0.002263970049742389
60-61	0.01993593222904088
62-63	0.06566810754155558
64-65	0.0949786042579297
66-67	0.05503022914114292
68-69	0.012009327346845622
70-71	0.0
72-73	3.518623845102437E-5
74-75	1.2536671551313143E-4
76-77	1.8697706501925062E-5
78-79	2.2000954225386664E-6
80-81	0.0
82-83	0.0
84-85	0.0
86-87	1.0460927861837879E-4
88-89	0.0
90-91	0.003321468761861798
92-93	0.002363946655691368
94-95	0.012598814087530559
96-97	0.0777958798270496
98-99	0.03892366225123479
100-101	0.0018731081863362562
>>END_MODULE
>>Sequence Length Distribution	fail
#Length	Count
0-4	1888.0
5-9	1687.0
10-14	1802.0
15-19	1742.0
20-24	1865.0
25-29	1746.0
30-34	1741.0
35-39	1946.0
40-44	2327.0
45-49	2748.0
50-54	3496.0
55-59	4576.0
60-64	6364.0
65-69	9173.0
70-74	13159.0
75-79	19045.0
80-84	28146.0
85-89	41046.0
90-94	63398.0
95-99	1375782.0
100-102	4.3937665E7
>>END_MODULE
>>Sequence Duplication Levels	pass
#Total Deduplicated Percentage	70.06217008951351
#Duplication Level	Percentage of deduplicated	Percentage of total
1	88.30557069854711	61.868799141331685
2	8.684176148655911	12.168644528288535
3	1.2586738075611799	2.645562551777009
4	0.38839168602046353	1.0884625746927457
5	0.18324164926415126	0.6419153799113971
6	0.12871174868849802	0.5410694657479359
7	0.09749036200884353	0.4781270427606289
8	0.0824316279930394	0.46202709929630636
9	0.06869299323215464	0.4331502158210117
>10	0.6868914608097404	10.010741448578212
>50	0.08409421740146478	3.979147346713532
>100	0.02952766872101201	3.524135733868064
>500	0.0010166595456005132	0.4887385191380194
>1k	0.0010798527569980086	1.635150894597373
>5k	9.418793944219205E-6	0.034328057477481376
>10k+	0.0	0.0
>>END_MODULE
>>Overrepresented sequences	pass
>>END_MODULE
>>Adapter Content	pass
#Position	Illumina Universal Adapter	Illumina Small RNA 3' Adapter	Illumina Small RNA 5' Adapter	Nextera Transposase Sequence	SOLID Small RNA Adapter
1	0.0	4.393543582260822E-6	0.0	2.196771791130411E-6	0.0
2	0.0	8.787087164521644E-6	0.0	1.0983858955652055E-5	2.196771791130411E-6
3	0.0	1.5377402537912876E-5	0.0	1.7574174329043288E-5	2.196771791130411E-6
4	0.0	2.196771791130411E-5	0.0	2.8558033284695343E-5	2.196771791130411E-6
5	0.0	3.5148348658086576E-5	0.0	4.1738664031477807E-5	4.393543582260822E-6
6	0.0	3.734512044921698E-5	2.196771791130411E-6	5.7116066569390686E-5	4.393543582260822E-6
7	0.0	3.734512044921698E-5	2.196771791130411E-6	7.029669731617315E-5	4.393543582260822E-6
8	0.0	3.734512044921698E-5	2.196771791130411E-6	8.567409985408603E-5	1.0983858955652055E-5
9	0.0	3.9541892240347394E-5	2.196771791130411E-6	8.787087164521644E-5	1.3180630746782465E-5
10-11	0.0	4.723059350930383E-5	3.2951576866956168E-6	9.446118701860766E-5	1.5377402537912876E-5
12-13	0.0	5.711606656939068E-5	4.393543582260822E-6	1.0764181776539013E-4	1.7574174329043288E-5
14-15	0.0	7.139508321173835E-5	4.393543582260822E-6	1.2521599209443343E-4	1.7574174329043288E-5
16-17	0.0	7.578862679399916E-5	4.393543582260822E-6	1.4498693821460713E-4	2.196771791130411E-5
18-19	0.0	8.347732806295561E-5	6.5903153733912335E-6	1.6915142791704162E-4	2.416448970243452E-5
20-21	0.0	9.226441522747726E-5	8.787087164521644E-6	2.021030047839978E-4	3.075480507582575E-5
22-23	0.0	1.0544504597425972E-4	8.787087164521644E-6	2.3066103806869314E-4	3.2951576866956164E-5
24-25	0.0	1.1423213313878136E-4	9.885473060086849E-6	2.471368265021712E-4	3.404996276252137E-5
26-27	0.0	1.1972406261660738E-4	1.0983858955652055E-5	2.6361261493564926E-4	3.734512044921698E-5
28-29	0.0	1.2741276388556383E-4	1.0983858955652055E-5	2.866787187425186E-4	4.06402781359126E-5
30-31	0.0	1.4828209590130273E-4	1.0983858955652055E-5	3.1084320844495313E-4	4.283704992704301E-5
32-33	0.0	1.592659548569548E-4	1.0983858955652055E-5	3.2402383919173563E-4	4.613220761373863E-5
34-35	0.0	1.6475788433478083E-4	1.0983858955652055E-5	3.350076981473877E-4	5.1624137091564655E-5
36-37	0.0	1.7134819970817202E-4	1.0983858955652055E-5	3.547786442675614E-4	5.272252298712986E-5
38-39	0.0	1.8452883045495452E-4	1.0983858955652055E-5	3.7674636217886547E-4	5.931283836052109E-5
40-41	0.0	2.010046188884326E-4	1.3180630746782465E-5	3.976156941946044E-4	6.370638194278192E-5
42-43	0.0	2.0869332015738905E-4	1.5377402537912876E-5	4.228785697926041E-4	6.919831142060794E-5
44-45	0.0	2.1198847784408464E-4	1.5377402537912876E-5	4.5253498897286464E-4	7.029669731617315E-5
46-47	0.0	2.1638202142634547E-4	1.6475788433478082E-5	4.734043209886035E-4	7.359185500286876E-5
48-49	0.0	2.2736588038199754E-4	1.7574174329043288E-5	4.909784953176469E-4	7.798539858512959E-5
50-51	0.0	2.3395619575538874E-4	1.7574174329043288E-5	5.01962354273299E-4	7.908378448069479E-5
52-53	0.0	2.427432829199104E-4	1.7574174329043288E-5	5.12946213228951E-4	7.908378448069479E-5
54-55	0.0	2.5372714187556244E-4	1.9770946120173697E-5	5.426026324092115E-4	7.908378448069479E-5
56-57	0.0	2.647110008312145E-4	2.0869332015738903E-5	5.568816490515592E-4	8.12805562718252E-5
58-59	0.0	2.7569485978686653E-4	2.196771791130411E-5	5.722590515894719E-4	8.347732806295561E-5
60-61	0.0	2.83383561055823E-4	2.416448970243452E-5	5.964235412919065E-4	8.347732806295561E-5
62-63	0.0	2.9217064822034466E-4	2.416448970243452E-5	6.282767322632975E-4	8.347732806295561E-5
64-65	0.0	2.9876096359373586E-4	2.8558033284695343E-5	6.425557489056451E-4	8.347732806295561E-5
66-67	0.0	3.0644966486269233E-4	3.185319097139096E-5	6.601299232346884E-4	8.347732806295561E-5
68-69	0.0	3.174335238183444E-4	3.624673455365178E-5	6.777040975637317E-4	8.787087164521644E-5
70-71	0.0	3.2951576866956165E-4	3.9541892240347394E-5	6.919831142060795E-4	9.116602933191206E-5
72-73	0.0	3.426963994163441E-4	4.1738664031477807E-5	7.16147603908514E-4	9.336280112304246E-5
74-75	0.0	3.448931712074745E-4	4.5033821718173425E-5	7.370169359242529E-4	9.665795880973807E-5
76-77	0.0	3.503851006853005E-4	4.723059350930383E-5	7.64476583313383E-4	9.995311649643369E-5
78-79	0.0	3.6136895964095257E-4	5.382090888269507E-5	7.69968512791209E-4	1.1093697545208576E-4
80-81	0.0	3.646641173276482E-4	5.7116066569390686E-5	7.875426871202522E-4	1.1972406261660738E-4
82-83	0.0	3.6905766090990905E-4	5.821445246495589E-5	8.171991063005129E-4	1.2741276388556383E-4
84-85	0.0	3.7894313396999587E-4	6.04112242560863E-5	8.292813511517302E-4	1.2960953567669423E-4
86-87	0.0	3.899269929256479E-4	6.480476783834712E-5	8.490522972719038E-4	1.3180630746782466E-4
88-89	0.0	4.0969793904582167E-4	6.919831142060794E-5	8.688232433920774E-4	1.3290469336338986E-4
90	0.0	4.173866403147781E-4	7.029669731617315E-5	8.831022600344252E-4	1.3839662284121588E-4
>>END_MODULE
