##FastQC	0.11.9
>>Basic Statistics	pass
#Measure	Value
Filename	SRR492407_1.fastq
File type	Conventional base calls
Encoding	Sanger / Illumina 1.9
Total Sequences	45521342
Sequences flagged as poor quality	0
Sequence length	101
%GC	39
>>END_MODULE
>>Per base sequence quality	fail
#Base	Mean	Median	Lower Quartile	Upper Quartile	10th Percentile	90th Percentile
1	37.329081510821894	39.0	37.0	39.0	34.0	39.0
2	37.12044379095853	39.0	37.0	39.0	34.0	39.0
3	37.11910457297151	39.0	37.0	39.0	34.0	39.0
4	37.113507637802066	39.0	37.0	39.0	34.0	39.0
5	36.886814167297615	38.0	37.0	39.0	33.0	39.0
6	36.91015741583365	39.0	37.0	39.0	33.0	39.0
7	36.84175145803039	38.0	36.0	39.0	33.0	39.0
8	36.80805091378897	38.0	36.0	39.0	33.0	39.0
9	36.743059178703476	38.0	36.0	39.0	33.0	39.0
10-11	36.662652652024185	38.0	36.0	39.0	32.5	39.0
12-13	36.52649159596393	38.0	36.0	39.0	32.0	39.0
14-15	36.459125655829745	38.0	36.0	39.0	31.0	39.0
16-17	36.35678655958781	38.0	36.0	39.0	31.0	39.0
18-19	36.2213856634543	38.0	36.0	39.0	31.0	39.0
20-21	36.187306340836784	38.0	36.0	39.0	31.0	39.0
22-23	36.09768467502562	38.0	36.0	39.0	31.0	39.0
24-25	35.984511254083856	38.0	35.0	39.0	31.0	39.0
26-27	36.06333237056148	38.0	36.0	39.0	31.0	39.0
28-29	35.91376891964214	38.0	35.5	39.0	31.0	39.0
30-31	35.854797811101434	38.0	35.5	39.0	31.0	39.0
32-33	35.753804358404025	38.0	35.0	39.0	30.0	39.0
34-35	35.58696591150586	37.0	35.0	39.0	30.0	39.0
36-37	35.48394494828382	37.0	35.0	39.0	30.0	39.0
38-39	35.19047562349985	37.0	35.0	39.0	29.0	39.0
40-41	34.86315188159435	37.0	34.0	39.0	28.0	39.0
42-43	34.595033863456834	37.0	34.0	39.0	27.0	39.0
44-45	34.41833705166249	37.0	34.0	39.0	27.0	39.0
46-47	34.30168444946109	37.0	34.0	39.0	27.0	39.0
48-49	34.06087383144372	37.0	33.0	39.0	26.0	39.0
50-51	33.885874673905704	37.0	33.0	39.0	26.0	39.0
52-53	33.61065750214482	36.0	33.0	39.0	25.0	39.0
54-55	33.17292979851077	36.0	32.5	38.5	24.0	39.0
56-57	32.90528472337217	36.0	32.0	38.0	23.0	39.0
58-59	32.73262027292605	36.0	32.0	38.0	23.0	39.0
60-61	32.539391160743904	36.0	32.0	37.5	22.0	39.0
62-63	32.20921463607114	36.0	31.5	37.0	21.0	39.0
64-65	31.88665920701547	35.5	31.0	37.0	20.0	39.0
66-67	31.583245118300773	35.5	30.5	37.0	18.0	39.0
68-69	31.090427727284492	35.0	30.0	37.0	16.5	39.0
70-71	30.434856764547934	34.5	29.5	37.0	12.5	39.0
72-73	29.53976705036508	34.0	27.5	36.0	8.5	38.0
74-75	29.132908438859296	33.5	27.0	36.0	4.5	37.0
76-77	30.459952619586655	35.5	29.0	37.5	2.0	39.0
78-79	30.115982059579878	35.0	29.0	37.0	2.0	39.0
80-81	30.022608208694727	35.0	28.5	37.5	2.0	39.0
82-83	29.855282616668024	35.0	28.5	37.0	2.0	39.0
84-85	29.408319805246514	35.0	27.5	37.0	2.0	39.0
86-87	28.669787920575803	34.5	26.5	37.0	2.0	39.0
88-89	28.19475794452633	34.0	25.5	37.0	2.0	39.0
90-91	27.560891416601912	34.0	24.5	37.0	2.0	39.0
92-93	26.821256829379067	33.0	21.5	36.5	2.0	38.5
94-95	25.833919516256792	32.5	17.5	36.0	2.0	38.0
96-97	24.11089762028545	31.5	2.0	36.0	2.0	37.0
98-99	23.553863394449138	31.0	2.0	36.0	2.0	37.0
100-101	22.416987058509832	29.5	2.0	35.5	2.0	37.0
>>END_MODULE
>>Per tile sequence quality	pass
#Tile	Base	Mean
1101	1	0.2726914373054967
1101	2	0.35315948804820607
1101	3	0.32739568547457054
1101	4	0.3414255841453766
1101	5	0.42942975718155196
1101	6	0.4467350092162192
1101	7	0.47860788902581675
1101	8	0.4945764970274169
1101	9	0.5313792661272103
1101	10-11	0.541799684833137
1101	12-13	0.6097159520607249
1101	14-15	0.5882642044824138
1101	16-17	0.6026750345092182
1101	18-19	0.5962884564859152
1101	20-21	0.33889452448028834
1101	22-23	0.2410055892427394
1101	24-25	0.2352759437708727
1101	26-27	0.2542050244215943
1101	28-29	0.25881859026339527
1101	30-31	0.24778279676574044
1101	32-33	0.25516733769647004
1101	34-35	0.3341702234754891
1101	36-37	0.23559280428573004
1101	38-39	0.39499411071376045
1101	40-41	0.6260579594147728
1101	42-43	0.6472754333876978
1101	44-45	0.5375326256674668
1101	46-47	0.31630655537625074
1101	48-49	0.3130719840149325
1101	50-51	0.295776057230853
1101	52-53	0.3912032310368332
1101	54-55	0.6096001419106827
1101	56-57	0.44956749153936926
1101	58-59	0.31452675073342107
1101	60-61	0.28532102508599877
1101	62-63	0.3373121951656941
1101	64-65	0.46381766313095696
1101	66-67	0.42132059029038516
1101	68-69	0.49602849176881136
1101	70-71	0.7362941632500011
1101	72-73	0.9623030657145506
1101	74-75	1.0006983626766939
1101	76-77	0.9853244646575483
1101	78-79	1.0095198812813102
1101	80-81	0.9560771352478206
1101	82-83	0.932690648018422
1101	84-85	1.0109773166313012
1101	86-87	1.0342167201598649
1101	88-89	0.8918259039800596
1101	90-91	0.7676739454523016
1101	92-93	0.8160315237071138
1101	94-95	1.0197793111172864
1101	96-97	1.1227049387740173
1101	98-99	1.0221130962554277
1101	100-101	1.0507149190582084
1102	1	0.2950149096278949
1102	2	0.3829010327085598
1102	3	0.37531238511612486
1102	4	0.3551110287271797
1102	5	0.3111415657344594
1102	6	0.2360378107929506
1102	7	0.2638990127411631
1102	8	0.22544221938667874
1102	9	0.22267440835842933
1102	10-11	0.07696042155426142
1102	12-13	0.08308299100031036
1102	14-15	0.06129111751003791
1102	16-17	0.10930882780725426
1102	18-19	0.03293579440143901
1102	20-21	0.19039507403856248
1102	22-23	0.3618113702858494
1102	24-25	0.42466605114912426
1102	26-27	0.6561702117002142
1102	28-29	0.6792503864842558
1102	30-31	0.6803540974605653
1102	32-33	0.6953200374392239
1102	34-35	0.702410083444434
1102	36-37	0.6448084624976858
1102	38-39	0.43534400549273045
1102	40-41	0.19251916454442153
1102	42-43	0.09558057759751648
1102	44-45	0.13776771936603893
1102	46-47	0.28410509236635306
1102	48-49	0.3059595140428044
1102	50-51	0.399285960495412
1102	52-53	0.36897985124037547
1102	54-55	0.20580654742312987
1102	56-57	0.198085304605371
1102	58-59	0.5037249276809064
1102	60-61	0.5173521925615461
1102	62-63	0.6605395397982647
1102	64-65	0.6443936969021031
1102	66-67	0.650292337192397
1102	68-69	0.5684284606374064
1102	70-71	0.24677498109631912
1102	72-73	-7.125846542948011E-4
1102	74-75	-0.09892953875409916
1102	76-77	-0.18797208048484393
1102	78-79	-0.15204885732050144
1102	80-81	-0.2186838559035884
1102	82-83	-0.11477611341348393
1102	84-85	-0.1145103578168083
1102	86-87	-0.08769156014642832
1102	88-89	0.0836925144708971
1102	90-91	0.3653853603124162
1102	92-93	0.5106791695689594
1102	94-95	0.6942900652919839
1102	96-97	0.5555739113590796
1102	98-99	0.4654264397153547
1102	100-101	0.522618322528146
1103	1	0.23107350050733544
1103	2	0.2754381452878718
1103	3	0.2573380113530419
1103	4	0.24607579448195338
1103	5	0.3436629915827254
1103	6	0.3089151395645402
1103	7	0.34368697068693166
1103	8	0.28003848999289005
1103	9	0.37348953133937357
1103	10-11	0.3512405705133972
1103	12-13	0.39422911854784104
1103	14-15	0.3738327685289988
1103	16-17	0.408367407879652
1103	18-19	0.3780189409228498
1103	20-21	0.40001387055367843
1103	22-23	0.346123303568298
1103	24-25	0.3468343248081851
1103	26-27	0.3090180503237221
1103	28-29	0.323259999863879
1103	30-31	0.3188836718615278
1103	32-33	0.33393340404717975
1103	34-35	0.32021696358077634
1103	36-37	0.3569563412393393
1103	38-39	0.45399461317067846
1103	40-41	0.503152177846033
1103	42-43	0.493986089788919
1103	44-45	0.5567576804828533
1103	46-47	0.46987603288201996
1103	48-49	0.47706916927239007
1103	50-51	0.46204757656401085
1103	52-53	0.47414072014435504
1103	54-55	0.4542275626940224
1103	56-57	0.4911120724291038
1103	58-59	0.41284227645024885
1103	60-61	0.34186276250240155
1103	62-63	0.2792882028798189
1103	64-65	0.2541544640084048
1103	66-67	0.2462776460293945
1103	68-69	0.29200611300516854
1103	70-71	0.3993823458685881
1103	72-73	0.4117218002522769
1103	74-75	0.38433298513158576
1103	76-77	0.39039744372099605
1103	78-79	0.42403371667161593
1103	80-81	0.41741297018362644
1103	82-83	0.42152072154915743
1103	84-85	0.4495879373631091
1103	86-87	0.38857173490549357
1103	88-89	0.44150920059456666
1103	90-91	0.29488445954469356
1103	92-93	0.27923871754005347
1103	94-95	0.4349465206897669
1103	96-97	0.20542974851430174
1103	98-99	0.08771177591722434
1103	100-101	0.194402068172991
1104	1	0.11195069403150626
1104	2	0.16939623158621941
1104	3	0.165514189332427
1104	4	0.15061212226450493
1104	5	0.02659511063987452
1104	6	0.08730047338792701
1104	7	0.06626852453306498
1104	8	0.0811995093283997
1104	9	0.10069936280613234
1104	10-11	-0.005064448259368248
1104	12-13	-0.06956567675828751
1104	14-15	-0.04914041463250385
1104	16-17	-0.1273854777875698
1104	18-19	-0.05992658576607113
1104	20-21	-0.05330914745142934
1104	22-23	-6.144928016027507E-5
1104	24-25	0.08633625346045193
1104	26-27	0.2852014399874321
1104	28-29	0.2766024233910187
1104	30-31	0.3111263322595761
1104	32-33	0.3652824930492855
1104	34-35	0.3800097521507979
1104	36-37	0.3443759554995296
1104	38-39	0.17161860161484555
1104	40-41	0.14345580504139122
1104	42-43	0.16061459607603013
1104	44-45	0.10728428709323623
1104	46-47	0.14744594128094235
1104	48-49	0.1571173611341905
1104	50-51	0.19679648279432627
1104	52-53	0.1084629526758718
1104	54-55	0.267155043849705
1104	56-57	0.02782983400797434
1104	58-59	0.1778043291458573
1104	60-61	0.28818858508712
1104	62-63	0.31454583364792654
1104	64-65	0.2907806877747028
1104	66-67	0.2869801420779048
1104	68-69	0.39032695417012064
1104	70-71	0.24403785135342204
1104	72-73	0.10911599033147468
1104	74-75	0.11838680959885295
1104	76-77	-0.026995373628203367
1104	78-79	0.028625157442085936
1104	80-81	-0.16081586946527082
1104	82-83	-0.1078543019204794
1104	84-85	-0.086588548640254
1104	86-87	-0.034015732266990284
1104	88-89	0.036704758577737806
1104	90-91	0.2197000578205035
1104	92-93	0.4354479431513525
1104	94-95	0.6487118990851819
1104	96-97	0.7263683592599364
1104	98-99	0.6128339077394038
1104	100-101	0.7446171957837748
1105	1	0.06535854169285926
1105	2	0.08372472899993255
1105	3	0.05368148870962841
1105	4	0.046823671864352434
1105	5	0.1344809056103884
1105	6	0.16855864745033955
1105	7	0.16072875927778796
1105	8	0.15461276400884572
1105	9	0.1920705536545242
1105	10-11	0.220401182284796
1105	12-13	0.22684205343313124
1105	14-15	0.2125357478539911
1105	16-17	0.2385564973660621
1105	18-19	0.2062005158535385
1105	20-21	0.1219904135387253
1105	22-23	0.06369780622024024
1105	24-25	0.0499880567987816
1105	26-27	-0.14440676999371505
1105	28-29	-0.19130177756879618
1105	30-31	-0.18600673731489792
1105	32-33	-0.14392073450988363
1105	34-35	-0.10930471942010911
1105	36-37	-0.05384036196390696
1105	38-39	0.03707734991932199
1105	40-41	0.1526978762844422
1105	42-43	0.17418207263611407
1105	44-45	0.14416931357555995
1105	46-47	0.0737751755301943
1105	48-49	0.006586560007512787
1105	50-51	-0.09907810507075254
1105	52-53	-0.03825919319165649
1105	54-55	-0.007180052313820795
1105	56-57	-0.04266716264285719
1105	58-59	-0.13673575019625162
1105	60-61	-0.2760606005846
1105	62-63	-0.3494224630166407
1105	64-65	-0.32214329101467953
1105	66-67	-0.25121306633811713
1105	68-69	-0.3409529084729037
1105	70-71	-0.1343174744613762
1105	72-73	-0.0015174979199343852
1105	74-75	0.0028932789859439367
1105	76-77	0.13093162654739388
1105	78-79	0.14065662236568244
1105	80-81	0.13243391170994911
1105	82-83	0.10642679328900329
1105	84-85	0.15174012506237133
1105	86-87	0.1497052569774091
1105	88-89	0.0643534726861148
1105	90-91	-0.08519818579446437
1105	92-93	-0.04412533546741315
1105	94-95	0.03618900458029728
1105	96-97	-0.16886321709982965
1105	98-99	-0.18694514653053673
1105	100-101	-0.13382602083483164
1106	1	-0.14012275888190828
1106	2	-0.11539180874670762
1106	3	-0.12446933394839022
1106	4	-0.14870347026904795
1106	5	-0.18822230018997033
1106	6	-0.19857304903287343
1106	7	-0.20103968957053553
1106	8	-0.1667830623540496
1106	9	-0.26587951115638475
1106	10-11	-0.19607933703908031
1106	12-13	-0.2115508515883988
1106	14-15	-0.2088564047547692
1106	16-17	-0.20560401685899876
1106	18-19	-0.27386431228543273
1106	20-21	-0.10654070870478449
1106	22-23	-0.07741097149000353
1106	24-25	-0.0842734641168903
1106	26-27	-0.12741371401986612
1106	28-29	-0.14241086751094656
1106	30-31	-0.17399053143527965
1106	32-33	-0.18518434501430647
1106	34-35	-0.1751634825041677
1106	36-37	-0.08966607151711514
1106	38-39	-0.1434728241295815
1106	40-41	-0.16694621864141368
1106	42-43	-0.09314566001643243
1106	44-45	-0.11425089439148195
1106	46-47	-0.11085191870116518
1106	48-49	-0.10296369628279933
1106	50-51	-0.16392592640465864
1106	52-53	-0.16177656427015563
1106	54-55	-0.3490851088846867
1106	56-57	-0.1714157885588321
1106	58-59	-0.2279182040445349
1106	60-61	-0.20969900121291118
1106	62-63	-0.2795907839962446
1106	64-65	-0.3739342148696174
1106	66-67	-0.24668226048702735
1106	68-69	-0.19328648788704683
1106	70-71	-0.2972648904209336
1106	72-73	-0.35784291094498855
1106	74-75	-0.3819329041201698
1106	76-77	-0.21169019178665494
1106	78-79	-0.23380918905665737
1106	80-81	-0.14952980868836718
1106	82-83	-0.11787583618556141
1106	84-85	-0.07380902617464358
1106	86-87	-0.10664029934932628
1106	88-89	-0.002252953328373053
1106	90-91	-0.014803415317274471
1106	92-93	-0.003491989676550844
1106	94-95	-0.041974493700102755
1106	96-97	-0.010692073097366972
1106	98-99	0.025557906296395316
1106	100-101	0.07028131254015335
1107	1	-0.3831798141367173
1107	2	-0.3249178868933882
1107	3	-0.37519545491809936
1107	4	-0.31323144358400157
1107	5	-0.27272581015507313
1107	6	-0.1654404043079083
1107	7	-0.17973905899418696
1107	8	-0.20711775130010324
1107	9	-0.15932651780961038
1107	10-11	-0.17526859747646029
1107	12-13	-0.12236435907392007
1107	14-15	-0.11032579533492992
1107	16-17	-0.1318987692298066
1107	18-19	-0.1591429246784557
1107	20-21	-0.1916794891317224
1107	22-23	-0.27243228137044895
1107	24-25	-0.2524280170629396
1107	26-27	-0.3975937689259297
1107	28-29	-0.47420864391501283
1107	30-31	-0.4555237399816221
1107	32-33	-0.43808568498956646
1107	34-35	-0.44193833565068985
1107	36-37	-0.43817065542410205
1107	38-39	-0.37242439318722376
1107	40-41	-0.2189201299472785
1107	42-43	-0.23563783841145636
1107	44-45	-0.20690399505993895
1107	46-47	-0.2625565591936976
1107	48-49	-0.29696963903367646
1107	50-51	-0.29209810645402
1107	52-53	-0.26576920995166375
1107	54-55	-0.16399896163508743
1107	56-57	-0.2040424894441628
1107	58-59	-0.2688257800143248
1107	60-61	-0.3514520943735491
1107	62-63	-0.35249674329025993
1107	64-65	-0.3974715230988366
1107	66-67	-0.2768309537577238
1107	68-69	-0.1902534460002343
1107	70-71	-0.1113968853110805
1107	72-73	0.010324055877759974
1107	74-75	0.16538553982618254
1107	76-77	0.1484188096338528
1107	78-79	0.20161186821476562
1107	80-81	0.26471604455863584
1107	82-83	0.2857028708855154
1107	84-85	0.32266157784887284
1107	86-87	0.3807229658829705
1107	88-89	0.3811077428779406
1107	90-91	0.3340603035718708
1107	92-93	0.3776715954509342
1107	94-95	0.39025613786639113
1107	96-97	0.5729990537476262
1107	98-99	0.573271427142064
1107	100-101	0.4502904748517622
1108	1	-0.6996164496474364
1108	2	-0.6762763873097484
1108	3	-0.6257521810878828
1108	4	-0.5936689332660734
1108	5	-0.6262704750225438
1108	6	-0.6849313115947524
1108	7	-0.7228567905554328
1108	8	-0.7260062502213032
1108	9	-0.7783596098746699
1108	10-11	-0.7236902734258805
1108	12-13	-0.7904816817639357
1108	14-15	-0.7356957633319468
1108	16-17	-0.6917739968260719
1108	18-19	-0.6595350309103765
1108	20-21	-0.6478199169185217
1108	22-23	-0.5557850965738069
1108	24-25	-0.5715291187466178
1108	26-27	-0.7780979634303549
1108	28-29	-0.7707249653359298
1108	30-31	-0.763328186534153
1108	32-33	-0.7067396412081948
1108	34-35	-0.6869887388181155
1108	36-37	-0.572274625418494
1108	38-39	-0.6090538024016396
1108	40-41	-0.7981975580680256
1108	42-43	-0.7468224359216578
1108	44-45	-0.6535470756153927
1108	46-47	-0.5470866661377229
1108	48-49	-0.48777221144747074
1108	50-51	-0.47615845584061844
1108	52-53	-0.5214020789024616
1108	54-55	-0.6489092930494067
1108	56-57	-0.5936896441429411
1108	58-59	-0.48747074152325354
1108	60-61	-0.4630960756536808
1108	62-63	-0.3323993528482134
1108	64-65	-0.4608338397539349
1108	66-67	-0.2737603120527865
1108	68-69	-0.37392787159192764
1108	70-71	-0.3373567851756505
1108	72-73	-0.3950933163174355
1108	74-75	-0.5425532468944354
1108	76-77	-0.4124000558363967
1108	78-79	-0.32720152386884394
1108	80-81	-0.1885299248694885
1108	82-83	-0.07543437796412178
1108	84-85	0.05443525224116641
1108	86-87	-0.011311914811244606
1108	88-89	0.06190501762542766
1108	90-91	0.08721656320837567
1108	92-93	0.1513359011575055
1108	94-95	0.13910324818490594
1108	96-97	-0.21496999647401083
1108	98-99	-0.04201132426714338
1108	100-101	-0.5164341960538721
1201	1	0.2707932364263783
1201	2	0.34233083078003546
1201	3	0.30295303732661694
1201	4	0.3298423016550984
1201	5	0.43086441967238187
1201	6	0.45586231971734037
1201	7	0.5169550471185147
1201	8	0.5217204420345567
1201	9	0.5649076128572332
1201	10-11	0.5969326241210808
1201	12-13	0.6503858579469366
1201	14-15	0.6505310220278062
1201	16-17	0.6188469767427449
1201	18-19	0.638729216363572
1201	20-21	0.3913215883774086
1201	22-23	0.3492929015021744
1201	24-25	0.36760382379348044
1201	26-27	0.37678981386294197
1201	28-29	0.3932878284361436
1201	30-31	0.42112827148039855
1201	32-33	0.4371194551325672
1201	34-35	0.47585878454775354
1201	36-37	0.4594800699332069
1201	38-39	0.5713836864750661
1201	40-41	0.7312863517507964
1201	42-43	0.7677044692848938
1201	44-45	0.6867081399572612
1201	46-47	0.5036550445696193
1201	48-49	0.4501246473594023
1201	50-51	0.5513719618407293
1201	52-53	0.5981490350309215
1201	54-55	0.7872122905934873
1201	56-57	0.5488647238846767
1201	58-59	0.6168717847693586
1201	60-61	0.5752654899385163
1201	62-63	0.6008553282202556
1201	64-65	0.6709311457915739
1201	66-67	0.7124050726244491
1201	68-69	0.7475017336682761
1201	70-71	0.9489160865055659
1201	72-73	1.1202033267895146
1201	74-75	1.1652185151336738
1201	76-77	1.084836094258442
1201	78-79	1.0744113096450576
1201	80-81	1.0297132977188
1201	82-83	0.9964527844462658
1201	84-85	1.0188063973841857
1201	86-87	1.0748791010522574
1201	88-89	0.8122693815509621
1201	90-91	0.8599609187729982
1201	92-93	0.8161606899744989
1201	94-95	0.9710853819198384
1201	96-97	0.8495069101030559
1201	98-99	0.7848055805157905
1201	100-101	0.9373436254019225
1202	1	0.25142865029967965
1202	2	0.32214218459418476
1202	3	0.3230822889903635
1202	4	0.31160711803402563
1202	5	0.2645802476125496
1202	6	0.16593845473758506
1202	7	0.05142297669448226
1202	8	0.11032456931866363
1202	9	0.2266709950579866
1202	10-11	0.19287741593332441
1202	12-13	0.16247145398718033
1202	14-15	0.16936557450897993
1202	16-17	0.12120343747285744
1202	18-19	0.06789271060986124
1202	20-21	0.19725731102805355
1202	22-23	0.3079877596470695
1202	24-25	0.41757985138315235
1202	26-27	0.6686150008691101
1202	28-29	0.6883441536564305
1202	30-31	0.7048422037464945
1202	32-33	0.68968989923561
1202	34-35	0.6810321823071774
1202	36-37	0.6175235239620775
1202	38-39	0.48520597012909406
1202	40-41	0.21229654768235662
1202	42-43	0.07701746996663417
1202	44-45	0.1369786607087633
1202	46-47	0.2841721153737069
1202	48-49	0.26596160292407234
1202	50-51	0.3769456370052211
1202	52-53	0.37298673884451006
1202	54-55	0.26676185076782843
1202	56-57	0.36282935258466864
1202	58-59	0.5553296416957139
1202	60-61	0.5954075353662347
1202	62-63	0.8016366374121233
1202	64-65	0.8365901834746587
1202	66-67	0.7940744324718025
1202	68-69	0.7274539077624667
1202	70-71	0.398387667564549
1202	72-73	0.20131167050552534
1202	74-75	-0.0492488247661953
1202	76-77	-0.07541948582892033
1202	78-79	-0.08582201081911123
1202	80-81	-0.09745464960882089
1202	82-83	-0.02964303396418444
1202	84-85	-0.04805468172778049
1202	86-87	0.061305739138440174
1202	88-89	0.22777144512220104
1202	90-91	0.47829858245650314
1202	92-93	0.6685674439020559
1202	94-95	0.8296445912534374
1202	96-97	0.6536639677798881
1202	98-99	0.5784266963373277
1202	100-101	0.6845764872619213
1203	1	0.1651673904971105
1203	2	0.2181517796237813
1203	3	0.21374628778043103
1203	4	0.21065022808073763
1203	5	0.28053839535935055
1203	6	0.24825342515460136
1203	7	0.25252094716812934
1203	8	0.2937477790809595
1203	9	0.2354285103573588
1203	10-11	0.2875659316403443
1203	12-13	0.304205625160364
1203	14-15	0.3386377471927702
1203	16-17	0.3490226378020367
1203	18-19	0.3775287941707717
1203	20-21	0.33948293827306486
1203	22-23	0.30500041730385874
1203	24-25	0.2840343945189261
1203	26-27	0.3396040713019488
1203	28-29	0.36432992403866393
1203	30-31	0.35045057601740837
1203	32-33	0.3397743372488904
1203	34-35	0.32477356669129875
1203	36-37	0.2945072989426549
1203	38-39	0.3294362822448136
1203	40-41	0.43178041103658416
1203	42-43	0.4006878802001381
1203	44-45	0.3976089387447246
1203	46-47	0.4368105867646861
1203	48-49	0.4048573652251477
1203	50-51	0.46297445153314953
1203	52-53	0.4385931847609683
1203	54-55	0.4713293325020729
1203	56-57	0.4350408725192523
1203	58-59	0.37332485693413275
1203	60-61	0.35595737478800515
1203	62-63	0.364592362440078
1203	64-65	0.3595201032855506
1203	66-67	0.3315834287741559
1203	68-69	0.4061099516322031
1203	70-71	0.48492422492730114
1203	72-73	0.4691468189350445
1203	74-75	0.4491505408537222
1203	76-77	0.4963655799125348
1203	78-79	0.4893346891392696
1203	80-81	0.4254103036615753
1203	82-83	0.42573798010683106
1203	84-85	0.44843528379020725
1203	86-87	0.3469458988424847
1203	88-89	0.43461705175531407
1203	90-91	0.2332609747226826
1203	92-93	0.19154146794912208
1203	94-95	0.30786846366638443
1203	96-97	0.16245708996182273
1203	98-99	0.09342998807306202
1203	100-101	0.18267562193054587
1204	1	0.1358369676903024
1204	2	0.15945478036512384
1204	3	0.15074173097266907
1204	4	0.16193622884387082
1204	5	0.13633421665846157
1204	6	0.05020100130405325
1204	7	0.02819228858888323
1204	8	0.01966772232736247
1204	9	0.047870820261685765
1204	10-11	-0.13614674328959353
1204	12-13	-0.1542448484058241
1204	14-15	-0.11874235561150215
1204	16-17	-0.1521387635612399
1204	18-19	-0.056442306743605286
1204	20-21	-0.1498619504575771
1204	22-23	-0.02795778367809021
1204	24-25	0.06028237251010182
1204	26-27	0.3459422541815229
1204	28-29	0.2951114357230651
1204	30-31	0.3428011507020088
1204	32-33	0.3609124169905229
1204	34-35	0.35913564502877193
1204	36-37	0.28089960554285653
1204	38-39	0.1819656644993657
1204	40-41	0.06735228264115989
1204	42-43	0.09233643765914223
1204	44-45	0.037210880002419344
1204	46-47	0.17102705996419587
1204	48-49	0.1426802482642202
1204	50-51	0.08807946800334321
1204	52-53	0.15301754497201614
1204	54-55	0.096815037474137
1204	56-57	0.09717272724287795
1204	58-59	0.13651178253748952
1204	60-61	0.2655688821579645
1204	62-63	0.4123309655359719
1204	64-65	0.4099111970523417
1204	66-67	0.3915694268631782
1204	68-69	0.3628047749195744
1204	70-71	0.245777482812656
1204	72-73	0.19197523780668746
1204	74-75	0.085588573957466
1204	76-77	0.0680481086115492
1204	78-79	0.10768251249394467
1204	80-81	0.011054749133197816
1204	82-83	0.009641900349564025
1204	84-85	-0.025280095549991444
1204	86-87	0.10776029840861057
1204	88-89	-0.06855818095823452
1204	90-91	0.2560726100660595
1204	92-93	0.37979826820883034
1204	94-95	0.5445662953567911
1204	96-97	0.5420962061130403
1204	98-99	0.46976772374731723
1204	100-101	0.6186585555012947
1205	1	-0.0024223059392980417
1205	2	0.03609461960130744
1205	3	0.015624347818878448
1205	4	0.016059050650021334
1205	5	0.09457212986224306
1205	6	0.13048095024362283
1205	7	0.15836835278829398
1205	8	0.09594511669181571
1205	9	0.13741605593846629
1205	10-11	0.18630672346028376
1205	12-13	0.20703576853066608
1205	14-15	0.22077551665980621
1205	16-17	0.23614653054876555
1205	18-19	0.24544375683408504
1205	20-21	0.1471189187008548
1205	22-23	0.04552828639463513
1205	24-25	0.06500812286090252
1205	26-27	-0.11527168555403478
1205	28-29	-0.08750187989141978
1205	30-31	-0.0876303852000575
1205	32-33	-0.04591169188159938
1205	34-35	-0.07239528417888152
1205	36-37	-0.029509216252961323
1205	38-39	0.03438615101109832
1205	40-41	0.20950867703641052
1205	42-43	0.1935183327227037
1205	44-45	0.16800617457221279
1205	46-47	0.16166659808042994
1205	48-49	0.10184077414829318
1205	50-51	0.08301039564550194
1205	52-53	0.09041242523373683
1205	54-55	0.1991517995536114
1205	56-57	0.09835171163958023
1205	58-59	-0.04278133904807646
1205	60-61	-0.07795776710713653
1205	62-63	-0.11656865136738048
1205	64-65	-0.20044709998840204
1205	66-67	-0.13552765520710608
1205	68-69	-0.12626631708405966
1205	70-71	-0.05710793810293069
1205	72-73	-0.014427834925388794
1205	74-75	0.04089274036234514
1205	76-77	0.1872292060463323
1205	78-79	0.21266049823240962
1205	80-81	0.11607472331378332
1205	82-83	0.1407240236984464
1205	84-85	0.0690332897143584
1205	86-87	0.16705095582376472
1205	88-89	0.12334321974996243
1205	90-91	0.016705788483498907
1205	92-93	-0.06573214178425246
1205	94-95	-0.07165986200935137
1205	96-97	-0.24442096281806158
1205	98-99	-0.3163558822434247
1205	100-101	-0.15081203490264272
1206	1	-0.13359413144872434
1206	2	-0.12228776189381563
1206	3	-0.11570056129306039
1206	4	-0.15338977072202198
1206	5	-0.2257555985748212
1206	6	-0.1949017478366386
1206	7	-0.19591256199841212
1206	8	-0.21917898074217135
1206	9	-0.1814830113831576
1206	10-11	-0.23686711662882942
1206	12-13	-0.2380333063155433
1206	14-15	-0.2596360845791281
1206	16-17	-0.2585343262582356
1206	18-19	-0.35523180483627925
1206	20-21	-0.14837403678616568
1206	22-23	-0.11330216325129783
1206	24-25	-0.09825758573052212
1206	26-27	-0.05883602447815406
1206	28-29	-0.08264870381907485
1206	30-31	-0.10935873254676665
1206	32-33	-0.10708303486183723
1206	34-35	-0.12159636815697894
1206	36-37	-0.07071989754907548
1206	38-39	-0.11425725284860277
1206	40-41	-0.12437157476110627
1206	42-43	-0.10420685483615699
1206	44-45	-0.07689341809371797
1206	46-47	-0.09607567411314477
1206	48-49	-0.08297680587321565
1206	50-51	-0.10877240352037632
1206	52-53	-0.17180826042842767
1206	54-55	-0.3208944596770422
1206	56-57	-0.1607035580091889
1206	58-59	-0.2735158768546242
1206	60-61	-0.2024341296889247
1206	62-63	-0.1944320484270392
1206	64-65	-0.21187254997484217
1206	66-67	-0.22047863154018188
1206	68-69	-0.1891943375131504
1206	70-71	-0.31094677984023633
1206	72-73	-0.5610758397281614
1206	74-75	-0.4385361003780446
1206	76-77	-0.3017964059216567
1206	78-79	-0.30700650349839975
1206	80-81	-0.2550330985051552
1206	82-83	-0.19011569559184238
1206	84-85	-0.18750656975892
1206	86-87	-0.24548645563215032
1206	88-89	-0.20290103973108842
1206	90-91	-0.25186735668475535
1206	92-93	-0.22726619053530683
1206	94-95	-0.13369520702847026
1206	96-97	-0.12953509359295268
1206	98-99	-0.17848596116889226
1206	100-101	0.01147186417550472
1207	1	-0.23575209074917325
1207	2	-0.23339744738611756
1207	3	-0.2489595358081118
1207	4	-0.27072767247872065
1207	5	-0.20728777445290802
1207	6	-0.15314938168182124
1207	7	-0.1457851362490885
1207	8	-0.14110118430114937
1207	9	-0.13337674043971504
1207	10-11	-0.09967680257382483
1207	12-13	-0.08439733626953227
1207	14-15	-0.08404360979641723
1207	16-17	-0.1125404539401913
1207	18-19	-0.09260988884029331
1207	20-21	-0.1561923579345077
1207	22-23	-0.23572892992297767
1207	24-25	-0.2513348240233739
1207	26-27	-0.3906763880206938
1207	28-29	-0.403743903650124
1207	30-31	-0.399206544137769
1207	32-33	-0.42165948979249634
1207	34-35	-0.4504737433648387
1207	36-37	-0.3245602793760227
1207	38-39	-0.33603473084620106
1207	40-41	-0.2084934505908791
1207	42-43	-0.2399597139810652
1207	44-45	-0.21585572908908546
1207	46-47	-0.27807769605154675
1207	48-49	-0.2779685585082561
1207	50-51	-0.31649191002269816
1207	52-53	-0.31765890260394514
1207	54-55	-0.1520746320296169
1207	56-57	-0.2280654265652231
1207	58-59	-0.33703211238182007
1207	60-61	-0.2964185177812766
1207	62-63	-0.32339424598621846
1207	64-65	-0.329282093073779
1207	66-67	-0.31610863892871777
1207	68-69	-0.2814524839901722
1207	70-71	-0.17569920689211216
1207	72-73	-0.07599867840458074
1207	74-75	-0.03631836341511985
1207	76-77	0.10150277475884195
1207	78-79	0.14522979063828245
1207	80-81	0.20055875417103053
1207	82-83	0.2939805690390962
1207	84-85	0.23742889534119982
1207	86-87	0.28020999760387966
1207	88-89	0.19531794744910513
1207	90-91	0.11912551251518266
1207	92-93	0.10435472443500515
1207	94-95	0.2582585268295112
1207	96-97	0.2966322655092135
1207	98-99	0.29197596230048006
1207	100-101	0.22612186642425058
1208	1	-0.506704847124837
1208	2	-0.6173401204235418
1208	3	-0.537773214271752
1208	4	-0.5802324621157524
1208	5	-0.5436288356989465
1208	6	-0.6057440336144495
1208	7	-0.5939978038089109
1208	8	-0.5920722779652934
1208	9	-0.6944347398447448
1208	10-11	-0.6447980647581915
1208	12-13	-0.7435616852983813
1208	14-15	-0.6246933802089956
1208	16-17	-0.6454173680026258
1208	18-19	-0.5989059287620648
1208	20-21	-0.524435789452923
1208	22-23	-0.48055195943390316
1208	24-25	-0.492154166584001
1208	26-27	-0.6487961518716077
1208	28-29	-0.6595675399513112
1208	30-31	-0.6514230821946043
1208	32-33	-0.708837997824908
1208	34-35	-0.6707138885765573
1208	36-37	-0.4783698794491045
1208	38-39	-0.5394175337256257
1208	40-41	-0.6115674356152709
1208	42-43	-0.6541746175386436
1208	44-45	-0.5950300921798402
1208	46-47	-0.5953599927495006
1208	48-49	-0.544970215339923
1208	50-51	-0.46552255346250604
1208	52-53	-0.4112880279833675
1208	54-55	-0.49226243640017486
1208	56-57	-0.380129899245901
1208	58-59	-0.46434689004649954
1208	60-61	-0.3921220448111953
1208	62-63	-0.4660081869515338
1208	64-65	-0.511217991875796
1208	66-67	-0.4190628846299518
1208	68-69	-0.45175056757046406
1208	70-71	-0.3635523051831129
1208	72-73	-0.40019168684767337
1208	74-75	-0.2541839935766923
1208	76-77	-0.28646551413885035
1208	78-79	-0.3078134917514106
1208	80-81	-0.09268863141535277
1208	82-83	-0.08062583773246246
1208	84-85	-0.20130672969461827
1208	86-87	-0.1778257445654603
1208	88-89	-0.12000181556305023
1208	90-91	-0.2080126432010232
1208	92-93	-0.2701108583806615
1208	94-95	-0.32773677982079974
1208	96-97	-0.48315274397409524
1208	98-99	-0.5021852293151774
1208	100-101	-0.6881773093895234
2101	1	0.39386054788320735
2101	2	0.37494721396355146
2101	3	0.38640145227972766
2101	4	0.38027077024392497
2101	5	0.47839718429899847
2101	6	0.4753339001190895
2101	7	0.5083904532955259
2101	8	0.5239438115496284
2101	9	0.5556731896765541
2101	10-11	0.614995605551087
2101	12-13	0.651520575389938
2101	14-15	0.647539211284375
2101	16-17	0.633907307485643
2101	18-19	0.640671783975165
2101	20-21	0.4103182181956413
2101	22-23	0.3250185438822797
2101	24-25	0.31899707037543124
2101	26-27	0.3529265493053657
2101	28-29	0.3321752811434777
2101	30-31	0.3310768707062124
2101	32-33	0.31402253906698263
2101	34-35	0.32426010332199695
2101	36-37	0.31043163280352815
2101	38-39	0.4346101199990997
2101	40-41	0.6269624339347573
2101	42-43	0.6725374017239716
2101	44-45	0.6709309225999078
2101	46-47	0.39601179182094626
2101	48-49	0.2924949218898334
2101	50-51	0.3972556967046543
2101	52-53	0.3407159574515788
2101	54-55	0.5847629651822999
2101	56-57	0.33291789458328935
2101	58-59	0.2919910296947137
2101	60-61	0.3066588894290163
2101	62-63	0.2907010448159042
2101	64-65	0.30660021783265634
2101	66-67	0.3053520024554395
2101	68-69	0.30245060534890555
2101	70-71	0.4849863679923203
2101	72-73	0.6080361848940292
2101	74-75	0.6956923761630094
2101	76-77	0.7331373822305913
2101	78-79	0.7055675301691267
2101	80-81	0.6445253472841266
2101	82-83	0.6034266223879783
2101	84-85	0.5619645051339397
2101	86-87	0.5935088773773849
2101	88-89	0.4393348475378289
2101	90-91	0.24015381940782632
2101	92-93	0.2096004180694777
2101	94-95	0.19397464351563087
2101	96-97	0.2757668515967957
2101	98-99	0.37290622523946837
2101	100-101	0.3128851034478295
2102	1	0.3390807699833758
2102	2	0.4037416867686119
2102	3	0.3748075080355022
2102	4	0.36783512276193164
2102	5	0.22882427573293285
2102	6	0.2864119548017001
2102	7	0.3164953683788738
2102	8	0.27580447171486355
2102	9	0.23976239713547187
2102	10-11	0.2943207436608759
2102	12-13	0.28910901584409743
2102	14-15	0.21679285692068362
2102	16-17	0.14768688579782463
2102	18-19	0.12316890892256538
2102	20-21	0.23514309720962956
2102	22-23	0.3476895950577088
2102	24-25	0.3795805064912443
2102	26-27	0.5531013098406277
2102	28-29	0.5673053305455227
2102	30-31	0.5925083409519161
2102	32-33	0.5527392437974896
2102	34-35	0.5464924461938665
2102	36-37	0.4048973004964296
2102	38-39	0.21784193876971614
2102	40-41	0.11853476151209463
2102	42-43	0.06005452801029776
2102	44-45	0.004023912671961227
2102	46-47	0.14291822798252696
2102	48-49	0.2193384134882166
2102	50-51	0.2449160411590583
2102	52-53	0.12011655585742886
2102	54-55	-0.06431670185580884
2102	56-57	0.0671989835978053
2102	58-59	0.16180339140339584
2102	60-61	0.31846664325469476
2102	62-63	0.3712571658691317
2102	64-65	0.4242249279424293
2102	66-67	0.31751006320959974
2102	68-69	0.21361502321896708
2102	70-71	-0.19323687275182877
2102	72-73	-0.510714395559738
2102	74-75	-0.5560668440342482
2102	76-77	-0.599108722961553
2102	78-79	-0.7983559212086213
2102	80-81	-0.717042577185314
2102	82-83	-0.8043999463093563
2102	84-85	-0.817051586996179
2102	86-87	-0.8738939679370112
2102	88-89	-0.5668010119787112
2102	90-91	-0.38852084108608764
2102	92-93	-0.3219254200400812
2102	94-95	-0.43493550213542065
2102	96-97	-0.408180831005982
2102	98-99	-0.23176689659231187
2102	100-101	-0.3076334702868877
2103	1	0.2726138053713214
2103	2	0.29708857545507783
2103	3	0.2775281998088559
2103	4	0.2689498499124525
2103	5	0.3054933447416772
2103	6	0.30535276226954267
2103	7	0.288154249094255
2103	8	0.31473980180498984
2103	9	0.36694591937889953
2103	10-11	0.40676525114805884
2103	12-13	0.4348993579848752
2103	14-15	0.42359665523319023
2103	16-17	0.40092909186788717
2103	18-19	0.40459239618704856
2103	20-21	0.3890178523031125
2103	22-23	0.32354445811613886
2103	24-25	0.2797483209344307
2103	26-27	0.2293558121154291
2103	28-29	0.21937742453690134
2103	30-31	0.24426029875678523
2103	32-33	0.2248678492662748
2103	34-35	0.2121771964628607
2103	36-37	0.2942957001806974
2103	38-39	0.32129278495364844
2103	40-41	0.3658297767146692
2103	42-43	0.41069805334754506
2103	44-45	0.4342651136458784
2103	46-47	0.3626694901177743
2103	48-49	0.3512482201152096
2103	50-51	0.3161335181538192
2103	52-53	0.29642744859803827
2103	54-55	0.3659722958912468
2103	56-57	0.3745201727402474
2103	58-59	0.2495708682299096
2103	60-61	0.18340406841174683
2103	62-63	0.06847280270925182
2103	64-65	0.10346790718388732
2103	66-67	0.02100045754237101
2103	68-69	0.036461600719910336
2103	70-71	0.15787221083818537
2103	72-73	0.21317475815273923
2103	74-75	0.2358741818299528
2103	76-77	0.14345290009300982
2103	78-79	0.17906226036442519
2103	80-81	0.09055436393324356
2103	82-83	0.06257280048583169
2103	84-85	0.02957794344666098
2103	86-87	-0.0480878334033541
2103	88-89	-0.06961112922875756
2103	90-91	-0.2927987468823119
2103	92-93	-0.4805318926615172
2103	94-95	-0.612073510760915
2103	96-97	-0.6251907324507577
2103	98-99	-0.5684602205306497
2103	100-101	-0.5090783925413689
2104	1	0.13223087282821666
2104	2	0.16021293675284198
2104	3	0.1413573252081406
2104	4	0.13002452932748554
2104	5	-0.0664045729022078
2104	6	0.011845984973128054
2104	7	0.003190038243083393
2104	8	0.011980112531340126
2104	9	-0.11067972461277265
2104	10-11	0.02706833432438316
2104	12-13	-0.09286131355591465
2104	14-15	-0.0805335447772606
2104	16-17	-0.18215280811253365
2104	18-19	-0.04979627976990031
2104	20-21	-0.11837512600526168
2104	22-23	-0.05076930619901532
2104	24-25	-0.03555484948680032
2104	26-27	0.1896805487486546
2104	28-29	0.16719247660192593
2104	30-31	0.19243289505566707
2104	32-33	0.2368476853380841
2104	34-35	0.26128395197829946
2104	36-37	0.12060318055983998
2104	38-39	0.04893566136799876
2104	40-41	-0.13252160323768436
2104	42-43	-0.10312388839841446
2104	44-45	-0.12599623775531654
2104	46-47	-0.07670847743570874
2104	48-49	-0.03861635292446408
2104	50-51	0.003570658177309838
2104	52-53	0.03138870487547507
2104	54-55	-0.066059197349567
2104	56-57	0.023544407605072593
2104	58-59	0.08334531759881258
2104	60-61	0.1387616297324854
2104	62-63	0.10983158210342481
2104	64-65	0.07930517362738954
2104	66-67	0.12132289524316775
2104	68-69	0.13144181106819985
2104	70-71	0.024302637761458357
2104	72-73	-0.12598612638118922
2104	74-75	-0.1670556736209221
2104	76-77	-0.25694236384526903
2104	78-79	-0.20896273604867233
2104	80-81	-0.2540477576891682
2104	82-83	-0.36635659973099166
2104	84-85	-0.37513703844230406
2104	86-87	-0.4134079336149732
2104	88-89	-0.34119293689612107
2104	90-91	-0.22227182329077166
2104	92-93	-0.21788350960764546
2104	94-95	-0.2666636671217013
2104	96-97	-0.18810370100218066
2104	98-99	-0.05320966789283332
2104	100-101	-0.06259128125419622
2105	1	0.07085220340429998
2105	2	0.08447918959926426
2105	3	0.049354813514575824
2105	4	0.04366170195763175
2105	5	0.06896335246526775
2105	6	0.13960934409126935
2105	7	0.13716334492526272
2105	8	0.14773488970383397
2105	9	0.16447082198517649
2105	10-11	0.1967813367174216
2105	12-13	0.2059748152081795
2105	14-15	0.1973588742022656
2105	16-17	0.21177117559832936
2105	18-19	0.16800138605156434
2105	20-21	0.11465148393715197
2105	22-23	0.010940329594554044
2105	24-25	-0.06802051163540312
2105	26-27	-0.171232446139868
2105	28-29	-0.18538466956539423
2105	30-31	-0.16493107588303957
2105	32-33	-0.1518341956403546
2105	34-35	-0.20228405020178286
2105	36-37	-0.15323311662116623
2105	38-39	-0.09005852430116335
2105	40-41	0.04131726003735281
2105	42-43	0.06201805300148777
2105	44-45	0.020143605278683197
2105	46-47	-0.030396302263014263
2105	48-49	-0.08765855696780278
2105	50-51	-0.08634257850718541
2105	52-53	-0.0980735008513065
2105	54-55	0.03524430960457181
2105	56-57	-0.03026933692337508
2105	58-59	-0.21169206841734933
2105	60-61	-0.2522768201714243
2105	62-63	-0.28935227866092816
2105	64-65	-0.2928206652336378
2105	66-67	-0.37938831302095366
2105	68-69	-0.35210383983522675
2105	70-71	-0.1758303590712913
2105	72-73	-0.09110360024650888
2105	74-75	-0.06622077310496621
2105	76-77	-0.04578057735704277
2105	78-79	-0.10716608449533993
2105	80-81	-0.2324985167169693
2105	82-83	-0.17621548773904294
2105	84-85	-0.20780261688227952
2105	86-87	-0.2585410438122189
2105	88-89	-0.41034669920649236
2105	90-91	-0.5044377939066962
2105	92-93	-0.6883519957997777
2105	94-95	-0.7211138953284113
2105	96-97	-0.9771834750526232
2105	98-99	-0.847926726778919
2105	100-101	-0.8277348850918713
2106	1	-0.08781040059103873
2106	2	-0.156239137627324
2106	3	-0.1295877714283833
2106	4	-0.14684438355930496
2106	5	-0.23726400524602553
2106	6	-0.20334065301337745
2106	7	-0.1968210136092452
2106	8	-0.19453907566781226
2106	9	-0.22913737859937555
2106	10-11	-0.2575675563852684
2106	12-13	-0.346552139775433
2106	14-15	-0.2906982598223635
2106	16-17	-0.291556330097535
2106	18-19	-0.29002045669250975
2106	20-21	-0.16883926883960498
2106	22-23	-0.08915648725963621
2106	24-25	-0.13393875943165767
2106	26-27	-0.1748168110033177
2106	28-29	-0.169281584647635
2106	30-31	-0.1637054637131996
2106	32-33	-0.17701699709854068
2106	34-35	-0.19335689804840683
2106	36-37	-0.15952641487888286
2106	38-39	-0.16589720641864147
2106	40-41	-0.19692624506082979
2106	42-43	-0.23689035275458536
2106	44-45	-0.16248412418133995
2106	46-47	-0.13036484536252857
2106	48-49	-0.16717258197393647
2106	50-51	-0.19396525860041436
2106	52-53	-0.1994234696682895
2106	54-55	-0.27760640743606046
2106	56-57	-0.17976457502471987
2106	58-59	-0.23323744081599784
2106	60-61	-0.24465075553293048
2106	62-63	-0.3409858690108365
2106	64-65	-0.3614299191959738
2106	66-67	-0.38267855365847225
2106	68-69	-0.44507074671417257
2106	70-71	-0.4829806894864923
2106	72-73	-0.4406853839546301
2106	74-75	-0.40782925248411317
2106	76-77	-0.39919641578793374
2106	78-79	-0.4774060314205393
2106	80-81	-0.339954073981918
2106	82-83	-0.37904058236564
2106	84-85	-0.3508147313280183
2106	86-87	-0.5045929305472008
2106	88-89	-0.4693979968709314
2106	90-91	-0.49227456569476047
2106	92-93	-0.5914207464926946
2106	94-95	-0.6918251674081013
2106	96-97	-0.7724299199751776
2106	98-99	-0.7568110402017929
2106	100-101	-0.6056433702467601
2107	1	-0.2141177073392342
2107	2	-0.34801283559654905
2107	3	-0.2981794324544893
2107	4	-0.31859394986252454
2107	5	-0.24996705418138276
2107	6	-0.1939339881255222
2107	7	-0.22170106670884593
2107	8	-0.20472031375803112
2107	9	-0.19657492952082833
2107	10-11	-0.16244112987754278
2107	12-13	-0.10412643147628842
2107	14-15	-0.1650814142137449
2107	16-17	-0.1184477439398961
2107	18-19	-0.1961291765446731
2107	20-21	-0.20154599784140714
2107	22-23	-0.30052980068435176
2107	24-25	-0.3584142190875639
2107	26-27	-0.46418946283230156
2107	28-29	-0.4641097277404924
2107	30-31	-0.5290974232216072
2107	32-33	-0.5808731416487589
2107	34-35	-0.5641092687529152
2107	36-37	-0.550280930471061
2107	38-39	-0.4150908174015697
2107	40-41	-0.3349006962201315
2107	42-43	-0.27183387588746655
2107	44-45	-0.2854291792535406
2107	46-47	-0.33913422593389697
2107	48-49	-0.33428273660361896
2107	50-51	-0.3138933209446222
2107	52-53	-0.32975952654485496
2107	54-55	-0.18367971034797392
2107	56-57	-0.24923932534946402
2107	58-59	-0.23691979843002287
2107	60-61	-0.37488116141473427
2107	62-63	-0.43655173257152313
2107	64-65	-0.3535544274119715
2107	66-67	-0.3985251808447323
2107	68-69	-0.4253249115067952
2107	70-71	-0.2588279970069536
2107	72-73	-0.09110951745849505
2107	74-75	-0.051515987342600766
2107	76-77	-0.06435492781879404
2107	78-79	-0.02346081482997775
2107	80-81	0.01442415285162113
2107	82-83	-0.004198585453679016
2107	84-85	0.03258111500527505
2107	86-87	0.020097682459724098
2107	88-89	-0.00880024142458069
2107	90-91	-0.15471503293995426
2107	92-93	-0.2994097194490557
2107	94-95	-0.31571147890175766
2107	96-97	-0.48119952036921276
2107	98-99	-0.3951425848909089
2107	100-101	-0.4040920795687839
2108	1	-0.560602892547962
2108	2	-0.7281968503608383
2108	3	-0.6329306031816984
2108	4	-0.6521263794648391
2108	5	-0.6411998208915008
2108	6	-0.7678997652238095
2108	7	-0.8066062931720737
2108	8	-0.7744222941591232
2108	9	-0.8596167598892706
2108	10-11	-0.9259200542943518
2108	12-13	-0.9169995183628288
2108	14-15	-0.8947491991076078
2108	16-17	-0.7665336942121073
2108	18-19	-0.7330534225615395
2108	20-21	-0.567077919772558
2108	22-23	-0.5279958014531729
2108	24-25	-0.5156545633091199
2108	26-27	-0.7191177064307652
2108	28-29	-0.7581122724167813
2108	30-31	-0.759275775619372
2108	32-33	-0.7646193214125248
2108	34-35	-0.6953092019401836
2108	36-37	-0.6456142761156087
2108	38-39	-0.7821910528782539
2108	40-41	-0.902844755992831
2108	42-43	-0.8040842532818218
2108	44-45	-0.8425230433498996
2108	46-47	-0.5888558454294994
2108	48-49	-0.5451492910602909
2108	50-51	-0.533638678216775
2108	52-53	-0.5911322214723924
2108	54-55	-0.6267629047028223
2108	56-57	-0.4401388151058683
2108	58-59	-0.44184062217345144
2108	60-61	-0.3755721522483597
2108	62-63	-0.42532876525911334
2108	64-65	-0.4140677686566754
2108	66-67	-0.2883103500041777
2108	68-69	-0.2829698261585172
2108	70-71	-0.310410200471285
2108	72-73	-0.3374077492102572
2108	74-75	-0.37828712342453485
2108	76-77	-0.4783340575566939
2108	78-79	-0.411278891113497
2108	80-81	-0.2835985888606949
2108	82-83	-0.15693799014017884
2108	84-85	-0.16307579509471637
2108	86-87	-0.21516972927193478
2108	88-89	-0.05316035289147791
2108	90-91	0.038955517330357736
2108	92-93	-0.028935620788626437
2108	94-95	-0.17242555883123956
2108	96-97	-0.4969364850036122
2108	98-99	-0.4046444008922556
2108	100-101	-0.6532357549988177
2201	1	0.38969213887052945
2201	2	0.4211610421643073
2201	3	0.3828271348461314
2201	4	0.389857904489034
2201	5	0.48724599995694007
2201	6	0.48008230256317574
2201	7	0.523908121987823
2201	8	0.5335842099878718
2201	9	0.5515211279638947
2201	10-11	0.5921785382419245
2201	12-13	0.5934718741904064
2201	14-15	0.5984056130070101
2201	16-17	0.5689889876633814
2201	18-19	0.5695130673405302
2201	20-21	0.39714457832388916
2201	22-23	0.3384639217894261
2201	24-25	0.309309098145107
2201	26-27	0.2912596092435109
2201	28-29	0.3327308583838118
2201	30-31	0.31587762963481225
2201	32-33	0.2596513883711751
2201	34-35	0.23267360742829624
2201	36-37	0.03081168402337653
2201	38-39	0.30948605375618854
2201	40-41	0.5092226060573353
2201	42-43	0.5258802988089286
2201	44-45	0.4968281450091325
2201	46-47	0.289988023701909
2201	48-49	0.25508093433987256
2201	50-51	0.15230545431188602
2201	52-53	0.3174818689554044
2201	54-55	0.44203876849166335
2201	56-57	0.037152623263047246
2201	58-59	0.1567476295782697
2201	60-61	0.15296146481297512
2201	62-63	0.19187579638298757
2201	64-65	0.03178748825604316
2201	66-67	0.1863255655706979
2201	68-69	0.10306915907156267
2201	70-71	-0.057506594760148744
2201	72-73	0.2827958043877814
2201	74-75	0.3540067959271944
2201	76-77	0.4786686515585181
2201	78-79	0.4326503450141068
2201	80-81	0.4283666720443833
2201	82-83	0.34837751523286187
2201	84-85	0.367131932232855
2201	86-87	0.2359695867834013
2201	88-89	0.12082251799513699
2201	90-91	0.055699477717524815
2201	92-93	0.046416127605965585
2201	94-95	0.022820867454338867
2201	96-97	0.20745752464802436
2201	98-99	0.234778378029592
2201	100-101	0.22197617895444566
2202	1	0.287706318499346
2202	2	0.3344191773356542
2202	3	0.3288972799323915
2202	4	0.3234934845599895
2202	5	0.06477688756962863
2202	6	0.18576898061041192
2202	7	0.18416091149410363
2202	8	0.19369388553909062
2202	9	0.16845915498198138
2202	10-11	0.13517027249186242
2202	12-13	0.055874552173065695
2202	14-15	0.02237556425859566
2202	16-17	-0.26489562472569617
2202	18-19	-0.07772591249710104
2202	20-21	0.066835171199088
2202	22-23	0.31358112241638736
2202	24-25	0.3182957304123164
2202	26-27	0.6177159453436971
2202	28-29	0.6457849339194368
2202	30-31	0.6476334623668834
2202	32-33	0.6121127643890247
2202	34-35	0.638321145105067
2202	36-37	0.35375193883659506
2202	38-39	0.17660391811334364
2202	40-41	-0.05459127973314537
2202	42-43	-0.26943785972309087
2202	44-45	-0.16342876815237872
2202	46-47	-0.0537814075534655
2202	48-49	0.0854234988830953
2202	50-51	0.08558051003561218
2202	52-53	0.08469330227558913
2202	54-55	-0.1003611485048097
2202	56-57	0.0616568614129136
2202	58-59	0.26174626478639595
2202	60-61	0.3278672520396668
2202	62-63	0.4595631961622786
2202	64-65	0.5190348430337686
2202	66-67	0.38533226116845753
2202	68-69	0.29464045434781383
2202	70-71	-0.20357002872066232
2202	72-73	-0.47734259642238186
2202	74-75	-0.5134596870262058
2202	76-77	-0.5895798663098937
2202	78-79	-0.7487203735349368
2202	80-81	-0.7975319281893185
2202	82-83	-0.8820962437763065
2202	84-85	-0.9433178155426525
2202	86-87	-0.7005967562158837
2202	88-89	-0.5385323507109874
2202	90-91	-0.2408576122378463
2202	92-93	-0.004179957553006375
2202	94-95	-0.11489485443568981
2202	96-97	0.2660375649004969
2202	98-99	0.3386955903568811
2202	100-101	0.2340093781743846
2203	1	0.2561243367480799
2203	2	0.2784609170491592
2203	3	0.260791494869963
2203	4	0.2566187254872361
2203	5	0.3198253993511315
2203	6	0.22521345193655407
2203	7	0.24376599230657803
2203	8	0.2463607549192588
2203	9	0.31135855923904643
2203	10-11	0.338092012222333
2203	12-13	0.4058591212549345
2203	14-15	0.35154894279819615
2203	16-17	0.380688841630473
2203	18-19	0.38583774606713916
2203	20-21	0.3876112994231917
2203	22-23	0.34244607115480363
2203	24-25	0.26299286283560264
2203	26-27	0.250843660667158
2203	28-29	0.30667522737356023
2203	30-31	0.3054144571721267
2203	32-33	0.24773412560904973
2203	34-35	0.21497273407791084
2203	36-37	0.19292897103718332
2203	38-39	0.2786518445166166
2203	40-41	0.33291964058410883
2203	42-43	0.34352748452757
2203	44-45	0.407678371706524
2203	46-47	0.3277236148009308
2203	48-49	0.35415029669727716
2203	50-51	0.3020367252005798
2203	52-53	0.3116168235943846
2203	54-55	0.3163499093856501
2203	56-57	0.34565454822110553
2203	58-59	0.32878892978662577
2203	60-61	0.24922181636303975
2203	62-63	0.16830683926596635
2203	64-65	0.19527278247339908
2203	66-67	0.07777937695518844
2203	68-69	0.12546939731507223
2203	70-71	0.145744221685721
2203	72-73	0.09836219602377838
2203	74-75	0.1335728180020297
2203	76-77	0.14092162100320849
2203	78-79	0.07560602570035257
2203	80-81	0.024514088867260142
2203	82-83	-0.005358476571984738
2203	84-85	-0.06061267273272719
2203	86-87	-0.06619354863927995
2203	88-89	-0.1506194581335656
2203	90-91	-0.3137530046682926
2203	92-93	-0.35486114587578044
2203	94-95	-0.43230829411522365
2203	96-97	-0.15490138844262802
2203	98-99	-0.16342371550767254
2203	100-101	-0.17375459536005522
2204	1	0.16516270366417984
2204	2	0.17135755666536312
2204	3	0.1446979002355846
2204	4	0.16036863457873807
2204	5	0.09520584837591883
2204	6	0.07041205508830473
2204	7	-0.012977957274976859
2204	8	0.07099798506640553
2204	9	-0.014079273540978932
2204	10-11	-0.03521986934096333
2204	12-13	-0.05500980949877032
2204	14-15	-0.060112837521160145
2204	16-17	-0.04188828095342956
2204	18-19	-0.05140462864183348
2204	20-21	-0.14699270815359
2204	22-23	-0.15568167043587522
2204	24-25	-0.07064134832231161
2204	26-27	0.22448791088240938
2204	28-29	0.22157183913645184
2204	30-31	0.24904657922141382
2204	32-33	0.2546363722108467
2204	34-35	0.22484802352485644
2204	36-37	0.18674938645821726
2204	38-39	0.08144323371607953
2204	40-41	-0.03720448927430198
2204	42-43	-0.13068260814884525
2204	44-45	-0.20496885266742026
2204	46-47	-0.14377022772439574
2204	48-49	-0.09878618721096899
2204	50-51	-0.11221678175423477
2204	52-53	-0.10307659708296768
2204	54-55	-0.2044514696799169
2204	56-57	-0.06660328157927609
2204	58-59	0.03879481976629506
2204	60-61	0.06302275359785625
2204	62-63	0.10873525274412543
2204	64-65	0.0543548196821213
2204	66-67	0.019425506806065584
2204	68-69	0.06276774613690606
2204	70-71	-0.06062918550846064
2204	72-73	-0.18911186299228433
2204	74-75	-0.09949826477431856
2204	76-77	-0.222517131578023
2204	78-79	-0.278897051831418
2204	80-81	-0.2730843390577853
2204	82-83	-0.49572206638177363
2204	84-85	-0.43224802056302636
2204	86-87	-0.4249677951378352
2204	88-89	-0.48377363920869243
2204	90-91	-0.23815272530011455
2204	92-93	-0.15341376819950625
2204	94-95	-0.19900310995160808
2204	96-97	0.0606704365009918
2204	98-99	0.06145456115588388
2204	100-101	0.05193669919748345
2205	1	0.06747424713356054
2205	2	0.06888086401498583
2205	3	0.05039032436160795
2205	4	0.0424730002750735
2205	5	0.10580269690769484
2205	6	0.11770827134984785
2205	7	0.14037787745011343
2205	8	0.12261999545199131
2205	9	0.12682434596738545
2205	10-11	0.14663656248168166
2205	12-13	0.1584820818979722
2205	14-15	0.12357193861734572
2205	16-17	0.15718446042545509
2205	18-19	0.13841448393601752
2205	20-21	0.10057640207941887
2205	22-23	0.021107726773387014
2205	24-25	-0.05234004542184323
2205	26-27	-0.17650827615148046
2205	28-29	-0.1523849424940238
2205	30-31	-0.14619440082206125
2205	32-33	-0.1398763953281943
2205	34-35	-0.16957641903299248
2205	36-37	-0.20222702948359483
2205	38-39	-0.04811538173894547
2205	40-41	0.03427366511577645
2205	42-43	0.08687855489553442
2205	44-45	0.07432017661950852
2205	46-47	-0.023605358620294226
2205	48-49	-0.024390818690442018
2205	50-51	-0.06228123233816518
2205	52-53	-0.04016080333888539
2205	54-55	0.038201084709662325
2205	56-57	-0.024772169067261984
2205	58-59	-0.10713047372709639
2205	60-61	-0.23498347240497708
2205	62-63	-0.2784467638273185
2205	64-65	-0.26427775800500797
2205	66-67	-0.30420417874289996
2205	68-69	-0.36483546901970954
2205	70-71	-0.06597750499022936
2205	72-73	0.06053393524047834
2205	74-75	0.020106361701454745
2205	76-77	0.03617817540636992
2205	78-79	0.016617454142693333
2205	80-81	-0.017197378861236956
2205	82-83	-0.05906238215219162
2205	84-85	-0.14504482974761146
2205	86-87	-0.11868330851531184
2205	88-89	-0.3235071332574435
2205	90-91	-0.40652353805997166
2205	92-93	-0.5489793378390644
2205	94-95	-0.7738667319880683
2205	96-97	-0.6377533853257553
2205	98-99	-0.6809840353875813
2205	100-101	-0.5784634972821081
2206	1	-0.14493894494542303
2206	2	-0.20058333570212739
2206	3	-0.2076837027364533
2206	4	-0.215735052443911
2206	5	-0.3126277917917193
2206	6	-0.3310874104197268
2206	7	-0.31420293318018366
2206	8	-0.32204769151822177
2206	9	-0.3352984909394081
2206	10-11	-0.39313782726273416
2206	12-13	-0.44907200674379055
2206	14-15	-0.4199987781450645
2206	16-17	-0.31108207922402187
2206	18-19	-0.3943144721534253
2206	20-21	-0.16696985373594941
2206	22-23	-0.14754276959165225
2206	24-25	-0.16317096320614155
2206	26-27	-0.14442347799470667
2206	28-29	-0.1463114507824912
2206	30-31	-0.15659168335845663
2206	32-33	-0.12427178194608501
2206	34-35	-0.17454263449370444
2206	36-37	-0.14224925348266027
2206	38-39	-0.1786342502578222
2206	40-41	-0.28583391943539027
2206	42-43	-0.24456085365939373
2206	44-45	-0.23713087449574743
2206	46-47	-0.17547799913302953
2206	48-49	-0.16366990194575948
2206	50-51	-0.21279958945176247
2206	52-53	-0.26330575408804435
2206	54-55	-0.43849063152753587
2206	56-57	-0.23739863620175328
2206	58-59	-0.25183033031645863
2206	60-61	-0.2892162687704882
2206	62-63	-0.2612439139150027
2206	64-65	-0.2813952119214953
2206	66-67	-0.39848580349358187
2206	68-69	-0.38053822411906424
2206	70-71	-0.4253685128421516
2206	72-73	-0.41557328890969103
2206	74-75	-0.42858076059833294
2206	76-77	-0.43627146635509106
2206	78-79	-0.33240943078045504
2206	80-81	-0.3193973409660238
2206	82-83	-0.3799551476026508
2206	84-85	-0.40580387662463835
2206	86-87	-0.5243705195718498
2206	88-89	-0.45323563002902745
2206	90-91	-0.49261397789443606
2206	92-93	-0.5689897234820265
2206	94-95	-0.6523870405240153
2206	96-97	-0.3854957887537829
2206	98-99	-0.486583186711794
2206	100-101	-0.38988030627809067
2207	1	-0.28607274192251
2207	2	-0.35409649832735113
2207	3	-0.3530915723146606
2207	4	-0.3353659132121294
2207	5	-0.26040183204214173
2207	6	-0.25360279903334515
2207	7	-0.22189708531970354
2207	8	-0.29010541585427774
2207	9	-0.2713576597513381
2207	10-11	-0.24741469086861656
2207	12-13	-0.2179202702605707
2207	14-15	-0.2433229069983156
2207	16-17	-0.18500391410898942
2207	18-19	-0.20359820791525607
2207	20-21	-0.23304978319200131
2207	22-23	-0.34847359139702405
2207	24-25	-0.37891399211201815
2207	26-27	-0.5089405735365986
2207	28-29	-0.5100717512884927
2207	30-31	-0.5440805842788521
2207	32-33	-0.5601478194014149
2207	34-35	-0.5990996069042112
2207	36-37	-0.5093461986584771
2207	38-39	-0.43039603784462344
2207	40-41	-0.3558985366876115
2207	42-43	-0.2924327585322004
2207	44-45	-0.31843006014839403
2207	46-47	-0.37539865149179974
2207	48-49	-0.37107904648288326
2207	50-51	-0.45830573652399664
2207	52-53	-0.3594523401558263
2207	54-55	-0.35183790745626453
2207	56-57	-0.3465031832239873
2207	58-59	-0.4074590005660852
2207	60-61	-0.4197802399509172
2207	62-63	-0.44630076298465227
2207	64-65	-0.3987026327002745
2207	66-67	-0.4908193925375315
2207	68-69	-0.4350600115544232
2207	70-71	-0.26949823144813934
2207	72-73	-0.06811193937903681
2207	74-75	-0.0809092014164321
2207	76-77	-0.1605053349162162
2207	78-79	-0.18061785838773403
2207	80-81	-0.13717635234045744
2207	82-83	-0.14200988941134085
2207	84-85	-0.1521753445542693
2207	86-87	-0.0775403911841046
2207	88-89	-0.14793922337583965
2207	90-91	-0.2076125409526739
2207	92-93	-0.19881903684095192
2207	94-95	-0.28556901140957436
2207	96-97	-0.021187381923365223
2207	98-99	0.019995342864152832
2207	100-101	-0.046198790182192084
2208	1	-0.7791781871902188
2208	2	-1.060802911096573
2208	3	-0.9331195225245281
2208	4	-0.8050774213621068
2208	5	-0.7749788581650989
2208	6	-0.8434176954880641
2208	7	-0.8527197353575886
2208	8	-0.8806407296254974
2208	9	-0.8880182857247192
2208	10-11	-0.9668006996996752
2208	12-13	-0.8364189794629056
2208	14-15	-0.850792606250991
2208	16-17	-0.6984304527585152
2208	18-19	-0.7215366185234018
2208	20-21	-0.646708687283784
2208	22-23	-0.659859140927999
2208	24-25	-0.6799063559706866
2208	26-27	-0.9245959924119092
2208	28-29	-0.8740534329199221
2208	30-31	-0.9652752879179332
2208	32-33	-0.9237490763301892
2208	34-35	-0.9057837692749047
2208	36-37	-0.709025649636871
2208	38-39	-0.7392281824835649
2208	40-41	-0.8699495039687619
2208	42-43	-0.8375041625438087
2208	44-45	-0.8153423232684105
2208	46-47	-0.5406495027178622
2208	48-49	-0.5585789114611188
2208	50-51	-0.5225959577425243
2208	52-53	-0.6260398950130934
2208	54-55	-0.6926579171831335
2208	56-57	-0.5960962907914862
2208	58-59	-0.53498817223565
2208	60-61	-0.5046872634221558
2208	62-63	-0.6473221830403517
2208	64-65	-0.47069631467719475
2208	66-67	-0.48647503003072146
2208	68-69	-0.42758873577366785
2208	70-71	-0.22592179921101518
2208	72-73	-0.18499803465496
2208	74-75	-0.3006733404185624
2208	76-77	-0.370082866327035
2208	78-79	-0.26229289154876767
2208	80-81	-0.22157182237421225
2208	82-83	-0.05957663508149125
2208	84-85	0.03577876667582913
2208	86-87	0.0480726492068122
2208	88-89	0.09605677082019781
2208	90-91	0.1472599125285754
2208	92-93	0.0815843997529555
2208	94-95	-0.24365079134120293
2208	96-97	-0.09716813240703104
2208	98-99	-0.2182145827740456
2208	100-101	-0.46702368913239667
>>END_MODULE
>>Per sequence quality scores	pass
#Quality	Count
2	25147.0
3	9572.0
4	20777.0
5	28322.0
6	48336.0
7	67778.0
8	93560.0
9	111092.0
10	135975.0
11	157505.0
12	185430.0
13	203025.0
14	226943.0
15	252540.0
16	277147.0
17	313344.0
18	342337.0
19	385673.0
20	422840.0
21	473188.0
22	522303.0
23	585144.0
24	659239.0
25	741925.0
26	854411.0
27	984598.0
28	1151897.0
29	1341292.0
30	1565184.0
31	1839585.0
32	2196631.0
33	2695887.0
34	3419392.0
35	4475855.0
36	6013832.0
37	8013933.0
38	4679700.0
39	3.0
>>END_MODULE
>>Per base sequence content	pass
#Base	G	A	T	C
1	18.049442907538577	30.678501494846227	31.715601526345	19.556454071270196
2	19.22279625958354	32.696807748021214	30.825478909208165	17.254917083187078
3	18.8914773206818	31.891006201003474	30.720730948573525	18.496785529741192
4	21.597586028988335	30.216040203735645	29.13390163233764	19.052472134938377
5	20.480107535481736	31.461853960501767	29.832524684416867	18.22551381959963
6	20.589239218826194	31.21356351928289	28.053634710505683	20.143562551385237
7	19.95109678444893	30.63063914064748	30.345230156000234	19.073033918903356
8	19.63260441662726	30.585958999187678	30.346023190616833	19.43541339356823
9	19.245657514599912	30.45021368989168	30.44435050559475	19.85977828991366
10-11	19.461985699826716	31.075663826346574	29.86604973691842	19.596300736908283
12-13	19.402148612553155	30.885442394647107	30.351468535206116	19.36094045759362
14-15	19.203292600644332	30.843711725370486	30.51254837785758	19.440447296127605
16-17	19.152814080041843	30.727638697470738	30.667349394049058	19.45219782843836
18-19	19.336494598439096	30.476635322571017	30.656006170293892	19.530863908695995
20-21	19.358348442363585	30.45154841876147	30.591220267627435	19.598882871247515
22-23	19.40147436778116	30.52794225618392	30.51267359384967	19.55790978218524
24-25	19.477220487740183	30.45568426981432	30.441191736989154	19.625903505456343
26-27	19.507572440208893	30.475131633100517	30.40982137878952	19.60747454790107
28-29	19.498729074372708	30.45517784836412	30.41050261380952	19.635590463453653
30-31	19.546190847564755	30.448030672496813	30.38520921020686	19.620569269731575
32-33	19.59165405524052	30.5027875602121	30.25304819366641	19.652510190880964
34-35	19.557958811421216	30.503362560409702	30.305265950216732	19.633412677952354
36-37	19.59807861054771	30.508059178643993	30.241628394234432	19.652233816573865
38-39	19.655521139952334	30.48584112480691	30.22318740075809	19.63545033448267
40-41	19.652779568757	30.43952109320503	30.191279290491916	19.71642004754605
42-43	19.54780353356015	30.552987651374604	30.179483724359446	19.719725090705804
44-45	19.580741929796357	30.55396191966397	30.213669886973015	19.65162626356666
46-47	19.665158377800022	30.47622146113355	30.126371274379387	19.73224888668704
48-49	19.65750592326562	30.466699553804894	30.150384186828234	19.725410336101252
50-51	19.654521608787366	30.43094379774656	30.16838673165655	19.746147861809522
52-53	19.692229196582122	30.41785433302911	30.209954047488317	19.67996242290045
54-55	19.648756612859888	30.438892386759868	30.152892464218045	19.759458536162192
56-57	19.703812774236752	30.468083520033307	30.05208853464821	19.77601517108173
58-59	19.631555908492015	30.380809999720565	30.269345473730496	19.718288618056924
60-61	19.704375325599006	30.38388658706762	30.14894884390517	19.762789243428198
62-63	19.65940355642344	30.476474140097697	30.140224226473794	19.723898077005067
64-65	19.73633654121984	30.488732099471292	30.094322708020115	19.680608651288754
66-67	19.763975108043393	30.388398811217694	30.05191652605268	19.795709554686233
68-69	19.769879650132648	30.304168134377896	30.11673574402463	19.809216471464826
70-71	19.686016725956808	30.410715923093832	30.184524217234195	19.71874313371517
72-73	19.814189946927293	30.36444171244045	30.12735393516437	19.69401440546789
74-75	19.872839705645394	30.355988412893005	30.056125392769555	19.71504648869205
76-77	19.744841174303474	30.291321540481675	30.150191008793715	19.813646276421142
78-79	19.752939615728806	30.371573412127734	30.159414679809192	19.716072292334268
80-81	19.79792906808415	30.294509990500718	30.14139499665893	19.766165944756196
82-83	19.815290155549455	30.244242359990174	30.188426782321137	19.75204070213923
84-85	19.807610241367666	30.341294639336425	30.098482158105096	19.75261296119082
86-87	19.8138884209455	30.33981711570175	30.11631073013532	19.72998373321743
88-89	19.892959218996666	30.293856450892857	30.07120264600284	19.741981684107643
90-91	19.849805907679848	30.320746124002696	30.031442558236098	19.79800541008136
92-93	19.8580452134196	30.34644226670148	30.01246906089757	19.783043458981357
94-95	19.884320375587972	30.421345559348232	29.93384699800265	19.760487067061142
96-97	20.012081058246356	30.20478363254922	29.97224766437619	19.81088764482823
98-99	20.00020481708466	30.16652057516725	30.012324296691478	19.820950311056606
100-101	20.16396078616723	30.136330718640654	29.8569325391142	19.842775956077915
>>END_MODULE
>>Per sequence GC content	warn
#GC Content	Count
0	1.0
1	1.5
2	2.0
3	5.0
4	13.0
5	20.0
6	47.5
7	91.0
8	178.0
9	410.0
10	807.0
11	1546.0
12	2937.5
13	5528.5
14	9444.0
15	15014.5
16	23777.5
17	36507.5
18	53411.0
19	75829.5
20	107380.5
21	149358.0
22	199413.0
23	259160.5
24	328494.5
25	407685.0
26	501156.5
27	608293.5
28	727957.0
29	860108.5
30	1007541.0
31	1164038.5
32	1333583.0
33	1530448.0
34	1773960.5
35	2068655.5
36	2365418.5
37	2584009.0
38	2680637.0
39	2669589.0
40	2559050.0
41	2352740.0
42	2103827.0
43	1881176.5
44	1697514.5
45	1533616.0
46	1373125.5
47	1207078.5
48	1040372.5
49	889513.0
50	758733.5
51	650141.5
52	564162.0
53	495739.5
54	436731.0
55	385632.5
56	343216.0
57	296765.5
58	249966.0
59	211362.5
60	182115.5
61	155372.0
62	126103.5
63	96780.0
64	72232.0
65	55711.0
66	44874.0
67	37356.0
68	31166.0
69	25837.0
70	21679.0
71	18005.0
72	14639.5
73	11845.0
74	9593.5
75	7713.0
76	6171.5
77	5044.0
78	4101.5
79	3255.0
80	2556.0
81	1973.0
82	1423.5
83	943.0
84	647.0
85	431.5
86	283.5
87	203.5
88	149.0
89	92.0
90	47.0
91	26.0
92	21.5
93	15.5
94	7.0
95	3.0
96	3.0
97	1.0
98	0.0
99	0.0
100	0.0
>>END_MODULE
>>Per base N content	pass
#Base	N-Count
1	0.011618726003288742
2	0.022773933158648972
3	0.0
4	0.0
5	0.022051195239367063
6	0.0
7	0.0
8	0.0
9	6.590315373391233E-6
10-11	1.208224485121726E-5
12-13	2.7459647389130137E-5
14-15	0.0
16-17	0.0
18-19	2.0869332015738903E-5
20-21	0.0
22-23	0.0
24-25	0.002962346760339359
26-27	0.0423954987970258
28-29	0.06523313833761755
30-31	0.05480506264512149
32-33	0.03800964391603393
34-35	0.01634068696832356
36-37	7.16147603908514E-4
38-39	0.0
40-41	0.0
42-43	0.0
44-45	0.0
46-47	0.0
48-49	0.0
50-51	0.0
52-53	0.0
54-55	2.1967717911304106E-6
56-57	0.0
58-59	0.002262674944864323
60-61	0.019929113689135088
62-63	0.06564063950487224
64-65	0.09493568972549184
66-67	0.05500496887811436
68-69	0.012000964294945436
70-71	0.0
72-73	3.514834865808657E-5
74-75	1.252159920944334E-4
76-77	1.867256022460849E-5
78-79	2.1967717911304106E-6
80-81	0.0
82-83	0.0
84-85	0.0
86-87	1.0434666007869451E-4
88-89	0.0
90-91	0.0033149286328157898
92-93	0.002358234517778496
94-95	0.012566633031161517
96-97	0.07745927174115386
98-99	0.038060169667229936
100-101	0.0018090415699958933
>>END_MODULE
>>Sequence Length Distribution	pass
#Length	Count
101	4.5521342E7
>>END_MODULE
>>Sequence Duplication Levels	pass
#Total Deduplicated Percentage	70.03841484456343
#Duplication Level	Percentage of deduplicated	Percentage of total
1	88.29730324572822	61.8420315438053
2	8.690106077184383	12.172825089542034
3	1.259493576693167	2.64638800855497
4	0.3874582956378447	1.0854785937940346
5	0.1832935689524721	0.6418795510316916
6	0.129910209673538	0.5459223094595683
7	0.09791683793017371	0.4800558080654972
8	0.08228029951938967	0.4610225401019157
9	0.06871246573390798	0.43312609620578674
>10	0.6876368939287691	10.016093224301969
>50	0.08420717901484254	3.983129979689548
>100	0.02957120198485831	3.5289272847603326
>500	0.0010206904076869262	0.4908588814096581
>1k	0.0010800358752620124	1.6378525679900322
>5k	9.421735550185823E-6	0.03440852128765648
>10k+	0.0	0.0
>>END_MODULE
>>Overrepresented sequences	pass
>>END_MODULE
>>Adapter Content	pass
#Position	Illumina Universal Adapter	Illumina Small RNA 3' Adapter	Illumina Small RNA 5' Adapter	Nextera Transposase Sequence	SOLID Small RNA Adapter
1	4.393543582260822E-6	4.393543582260822E-6	0.0	2.196771791130411E-6	0.0
2	1.5377402537912876E-5	8.787087164521644E-6	0.0	1.0983858955652055E-5	2.196771791130411E-6
3	2.416448970243452E-5	1.5377402537912876E-5	0.0	1.7574174329043288E-5	2.196771791130411E-6
4	2.636126149356493E-5	2.196771791130411E-5	0.0	2.8558033284695343E-5	2.196771791130411E-6
5	3.734512044921698E-5	3.5148348658086576E-5	0.0	4.1738664031477807E-5	4.393543582260822E-6
6	3.9541892240347394E-5	3.734512044921698E-5	2.196771791130411E-6	5.7116066569390686E-5	4.393543582260822E-6
7	4.613220761373863E-5	3.734512044921698E-5	2.196771791130411E-6	7.029669731617315E-5	4.393543582260822E-6
8	5.052575119599945E-5	3.734512044921698E-5	2.196771791130411E-6	8.567409985408603E-5	1.0983858955652055E-5
9	5.931283836052109E-5	3.9541892240347394E-5	2.196771791130411E-6	8.787087164521644E-5	1.3180630746782465E-5
10-11	9.336280112304246E-5	4.723059350930383E-5	3.2951576866956168E-6	9.446118701860766E-5	1.5377402537912876E-5
12-13	1.1313374724321616E-4	5.711606656939068E-5	4.393543582260822E-6	1.0764181776539013E-4	1.7574174329043288E-5
14-15	1.2851114978112903E-4	7.139508321173835E-5	4.393543582260822E-6	1.2521599209443343E-4	1.7574174329043288E-5
16-17	1.416917805279115E-4	7.578862679399916E-5	4.393543582260822E-6	1.4498693821460713E-4	2.196771791130411E-5
18-19	1.5816756896138958E-4	8.347732806295561E-5	6.5903153733912335E-6	1.6915142791704162E-4	2.416448970243452E-5
20-21	1.8562721635051972E-4	9.226441522747726E-5	8.787087164521644E-6	2.021030047839978E-4	3.075480507582575E-5
22-23	2.1308686373964987E-4	1.0544504597425972E-4	8.787087164521644E-6	2.3066103806869314E-4	3.2951576866956164E-5
24-25	2.3725135344208437E-4	1.1423213313878136E-4	9.885473060086849E-6	2.471368265021712E-4	3.404996276252137E-5
26-27	2.8448194695138824E-4	1.1972406261660738E-4	1.0983858955652055E-5	2.6361261493564926E-4	3.734512044921698E-5
28-29	3.37204469938518E-4	1.2741276388556383E-4	1.0983858955652055E-5	2.866787187425186E-4	4.06402781359126E-5
30-31	4.020092377768652E-4	1.4828209590130273E-4	1.0983858955652055E-5	3.1084320844495313E-4	4.283704992704301E-5
32-33	4.821914081531252E-4	1.592659548569548E-4	1.0983858955652055E-5	3.2402383919173563E-4	4.613220761373863E-5
34-35	5.656687362160808E-4	1.6475788433478083E-4	1.0983858955652055E-5	3.350076981473877E-4	5.1624137091564655E-5
36-37	7.040653590572967E-4	1.7134819970817202E-4	1.0983858955652055E-5	3.547786442675614E-4	5.272252298712986E-5
38-39	9.160538369013813E-4	1.8452883045495452E-4	1.0983858955652055E-5	3.7674636217886547E-4	5.931283836052109E-5
40-41	0.001171977750568074	2.010046188884326E-4	1.3180630746782465E-5	3.976156941946044E-4	6.370638194278192E-5
42-43	0.0015498224986425049	2.0869332015738905E-4	1.5377402537912876E-5	4.228785697926041E-4	6.919831142060794E-5
44-45	0.0020397026080645865	2.1198847784408464E-4	1.5377402537912876E-5	4.5253498897286464E-4	7.029669731617315E-5
46-47	0.0026767664274924058	2.1638202142634547E-4	1.6475788433478082E-5	4.734043209886035E-4	7.359185500286876E-5
48-49	0.003458817185134832	2.2736588038199754E-4	1.7574174329043288E-5	4.909784953176469E-4	7.798539858512959E-5
50-51	0.004457249964203604	2.3395619575538874E-4	1.7574174329043288E-5	5.01962354273299E-4	7.908378448069479E-5
52-53	0.0057313776030592425	2.427432829199104E-4	1.7574174329043288E-5	5.12946213228951E-4	7.908378448069479E-5
54-55	0.007394333848944962	2.5372714187556244E-4	1.9770946120173697E-5	5.426026324092115E-4	7.908378448069479E-5
56-57	0.009324197867453029	2.647110008312145E-4	2.0869332015738903E-5	5.568816490515592E-4	8.12805562718252E-5
58-59	0.011745040381278741	2.7569485978686653E-4	2.196771791130411E-5	5.722590515894719E-4	8.347732806295561E-5
60-61	0.014640385601988623	2.83383561055823E-4	2.416448970243452E-5	5.964235412919065E-4	8.347732806295561E-5
62-63	0.01811128503197467	2.9217064822034466E-4	2.416448970243452E-5	6.282767322632975E-4	8.347732806295561E-5
64-65	0.0223752190785588	2.9876096359373586E-4	2.8558033284695343E-5	6.425557489056451E-4	8.347732806295561E-5
66-67	0.027535436015924133	3.0644966486269233E-4	3.185319097139096E-5	6.601299232346884E-4	8.347732806295561E-5
68-69	0.03374241471176311	3.174335238183444E-4	3.624673455365178E-5	6.777040975637317E-4	8.787087164521644E-5
70-71	0.04095002295846199	3.2951576866956165E-4	3.9541892240347394E-5	6.919831142060795E-4	9.116602933191206E-5
72-73	0.04964155055006946	3.426963994163441E-4	4.1738664031477807E-5	7.16147603908514E-4	9.336280112304246E-5
74-75	0.060088298802790124	3.448931712074745E-4	4.5033821718173425E-5	7.370169359242529E-4	9.665795880973807E-5
76-77	0.07232212090759539	3.503851006853005E-4	4.723059350930383E-5	7.64476583313383E-4	9.995311649643369E-5
78-79	0.08669779550875278	3.6136895964095257E-4	5.382090888269507E-5	7.69968512791209E-4	1.1093697545208576E-4
80-81	0.10389742024740835	3.646641173276482E-4	5.7116066569390686E-5	7.875426871202522E-4	1.1972406261660738E-4
82-83	0.12378259850072083	3.6905766090990905E-4	5.821445246495589E-5	8.171991063005129E-4	1.2741276388556383E-4
84-85	0.14723533414282908	3.7894313396999587E-4	6.04112242560863E-5	8.292813511517302E-4	1.2960953567669423E-4
86-87	0.17431164485440698	3.899269929256479E-4	6.480476783834712E-5	8.490522972719038E-4	1.3180630746782466E-4
88-89	0.2057496459572743	4.0969793904582167E-4	6.919831142060794E-5	8.688232433920774E-4	1.3290469336338986E-4
90	0.23259200047309678	4.173866403147781E-4	7.029669731617315E-5	8.831022600344252E-4	1.3839662284121588E-4
>>END_MODULE
