##FastQC	0.11.9
>>Basic Statistics	pass
#Measure	Value
Filename	SRR492407_2.fastq
File type	Conventional base calls
Encoding	Sanger / Illumina 1.9
Total Sequences	45521342
Sequences flagged as poor quality	0
Sequence length	101
%GC	39
>>END_MODULE
>>Per base sequence quality	fail
#Base	Mean	Median	Lower Quartile	Upper Quartile	10th Percentile	90th Percentile
1	36.71243620190283	39.0	36.0	39.0	32.0	39.0
2	36.4901830662198	39.0	36.0	39.0	31.0	39.0
3	36.32648040121489	39.0	36.0	39.0	31.0	39.0
4	36.325675833546384	39.0	36.0	39.0	31.0	39.0
5	36.3103080309012	39.0	36.0	39.0	31.0	39.0
6	36.233530571220854	39.0	36.0	39.0	31.0	39.0
7	36.122269110607505	39.0	36.0	39.0	31.0	39.0
8	36.11101239062768	39.0	36.0	39.0	31.0	39.0
9	35.96380992019084	39.0	36.0	39.0	30.0	39.0
10-11	35.966723410746546	39.0	36.0	39.0	30.5	39.0
12-13	35.80661351108674	38.0	36.0	39.0	30.0	39.0
14-15	35.65044610284117	38.0	35.0	39.0	29.5	39.0
16-17	35.46161054522514	38.0	35.0	39.0	29.0	39.0
18-19	35.22136448657423	38.0	35.0	39.0	28.0	39.0
20-21	34.953360909263175	37.5	35.0	39.0	27.5	39.0
22-23	34.582737982548934	37.0	34.0	39.0	27.0	39.0
24-25	34.21025946467044	37.0	33.0	39.0	25.5	39.0
26-27	33.79674506300803	37.0	33.0	39.0	24.5	39.0
28-29	33.63258151528134	37.0	33.0	39.0	24.0	39.0
30-31	33.510427702241294	37.0	33.0	39.0	24.0	39.0
32-33	33.270876438572486	36.5	32.5	39.0	23.0	39.0
34-35	32.964287070007735	36.0	32.0	39.0	22.5	39.0
36-37	33.23346734812871	36.0	32.5	39.0	23.0	39.0
38-39	33.09443291456566	36.0	32.0	39.0	23.0	39.0
40-41	33.13389124160707	36.0	32.5	39.0	23.5	39.0
42-43	33.058083261253586	36.0	32.5	39.0	23.0	39.0
44-45	32.79574332408741	36.0	32.0	39.0	22.5	39.0
46-47	32.33591375667264	36.0	31.5	38.0	20.5	39.0
48-49	31.863157065975777	36.0	31.0	37.0	19.5	39.0
50-51	31.89920533318196	35.5	31.0	38.0	18.5	39.0
52-53	31.954953876359795	36.0	31.0	38.0	17.5	39.0
54-55	31.514422685517488	36.0	30.0	38.0	15.0	39.0
56-57	31.702932648602495	36.0	31.0	39.0	13.0	39.0
58-59	31.239206612142496	36.0	30.0	38.0	11.5	39.0
60-61	30.893488739853055	36.0	29.5	38.0	5.0	39.0
62-63	30.386390750518736	35.0	29.0	38.0	2.0	39.0
64-65	30.003777733529915	35.0	28.0	37.5	2.0	39.0
66-67	29.5061714239444	35.0	27.5	37.0	2.0	39.0
68-69	29.131546517235805	34.5	27.0	37.0	2.0	39.0
70-71	28.528909011513765	34.0	25.5	37.0	2.0	39.0
72-73	28.019368244899283	34.0	24.5	37.0	2.0	39.0
74-75	27.478587768787662	33.0	23.5	37.0	2.0	39.0
76-77	26.82415913836635	33.0	21.5	36.5	2.0	38.5
78-79	26.24001294821229	32.5	20.0	36.0	2.0	38.0
80-81	25.442970090820257	32.0	16.0	36.0	2.0	38.0
82-83	24.72268465854983	31.5	12.0	36.0	2.0	37.0
84-85	23.950286483206053	30.5	3.0	35.0	2.0	37.0
86-87	22.83904783606775	29.5	2.0	35.0	2.0	37.0
88-89	22.174654560931003	29.0	2.0	35.0	2.0	37.0
90-91	21.177575421656066	27.5	2.0	34.0	2.0	36.5
92-93	20.22463415072429	26.5	2.0	34.0	2.0	36.0
94-95	19.423725568108253	25.0	2.0	33.5	2.0	36.0
96-97	18.125549604842494	22.0	2.0	33.0	2.0	36.0
98-99	17.337079847074804	20.0	2.0	32.0	2.0	35.5
100-101	16.658215282844694	17.0	2.0	32.0	2.0	35.5
>>END_MODULE
>>Per tile sequence quality	pass
#Tile	Base	Mean
1101	1	0.36616732832428056
1101	2	0.4043668097900266
1101	3	0.39641568184791964
1101	4	0.5080354999585879
1101	5	0.39520250682333113
1101	6	0.4184064328323416
1101	7	0.4224188720346831
1101	8	0.4618882644772313
1101	9	0.3938694985194573
1101	10-11	0.6347894126432934
1101	12-13	0.6635158791146338
1101	14-15	0.6872452278871961
1101	16-17	0.7408623137303039
1101	18-19	0.736914949340516
1101	20-21	0.7615087217144278
1101	22-23	0.9016459846443965
1101	24-25	0.6819319075015216
1101	26-27	0.6892641619946147
1101	28-29	0.7108600550728852
1101	30-31	0.9013922484884489
1101	32-33	0.9939654817095516
1101	34-35	1.0842664568747438
1101	36-37	0.9256158026040282
1101	38-39	0.9105873456564169
1101	40-41	0.9629158944193748
1101	42-43	0.9181024125898816
1101	44-45	0.8853588002800663
1101	46-47	0.9892673296666459
1101	48-49	1.0672139711381803
1101	50-51	1.0907509169360132
1101	52-53	1.1255670267760145
1101	54-55	1.1405491884483183
1101	56-57	0.8717549029875329
1101	58-59	1.012743374067334
1101	60-61	0.9330714493350811
1101	62-63	0.9283850438622849
1101	64-65	0.9672359117885634
1101	66-67	0.7096905841596381
1101	68-69	0.8834637026878305
1101	70-71	0.86588551924266
1101	72-73	0.941425557931133
1101	74-75	1.0696812569590826
1101	76-77	1.0535235447777822
1101	78-79	1.1402145767518945
1101	80-81	1.2386396856433421
1101	82-83	1.1792255040033837
1101	84-85	1.2084602797275927
1101	86-87	1.345272987365984
1101	88-89	1.0981343256865408
1101	90-91	1.2792102664085192
1101	92-93	0.9678466210866681
1101	94-95	1.1425191181194911
1101	96-97	1.439771278388406
1101	98-99	1.5417542992344018
1101	100-101	1.3732508984554848
1102	1	0.6774410899029419
1102	2	0.7336104841246112
1102	3	0.7561361920377507
1102	4	0.7180392596463392
1102	5	0.7001679601896598
1102	6	0.7162914867653143
1102	7	0.7407345182503704
1102	8	0.6267397934190768
1102	9	0.6211255789680621
1102	10-11	0.4032662614297209
1102	12-13	0.11635787170393286
1102	14-15	0.09253613790409077
1102	16-17	-0.02256001981425726
1102	18-19	-0.016786468033501478
1102	20-21	0.06836171927201917
1102	22-23	0.09592678207620509
1102	24-25	0.2713594304488396
1102	26-27	0.7864384536534601
1102	28-29	0.8777506583364314
1102	30-31	0.9799115230112534
1102	32-33	1.0749724959409903
1102	34-35	1.0377092423302798
1102	36-37	0.937455068913799
1102	38-39	0.8452275387836536
1102	40-41	0.6250383868071339
1102	42-43	0.4705444386977575
1102	44-45	0.35912201407044364
1102	46-47	0.052182002976771
1102	48-49	0.1110518955564217
1102	50-51	0.15148187246715494
1102	52-53	0.25332962397853365
1102	54-55	0.35127331283647223
1102	56-57	0.666951174277493
1102	58-59	0.9030022334693726
1102	60-61	0.9419074219595558
1102	62-63	0.9594378002525161
1102	64-65	0.9828775540736885
1102	66-67	0.874289403659315
1102	68-69	0.948050378984707
1102	70-71	0.780981874494227
1102	72-73	0.6620218366318085
1102	74-75	0.6583614306912793
1102	76-77	0.2709965113006376
1102	78-79	0.3030706330116857
1102	80-81	0.04183168388821912
1102	82-83	-0.07246576987053999
1102	84-85	0.016093090911873276
1102	86-87	0.16129241281630513
1102	88-89	-0.0025085663091850563
1102	90-91	0.3176275507911548
1102	92-93	0.2884195747462073
1102	94-95	0.49270928155630145
1102	96-97	0.7883334909695741
1102	98-99	0.8901514013103871
1102	100-101	0.7516208314475037
1103	1	0.3062470783857876
1103	2	0.3776391464795239
1103	3	0.3705621836705788
1103	4	0.40610171668749473
1103	5	0.37647387337905514
1103	6	0.4048123328870403
1103	7	0.438101174748013
1103	8	0.40954125483917636
1103	9	0.43957417589911074
1103	10-11	0.44788237893019556
1103	12-13	0.513765237999003
1103	14-15	0.4973144553599198
1103	16-17	0.6076435340729205
1103	18-19	0.6356770191385337
1103	20-21	0.6482837311432164
1103	22-23	0.657872781396172
1103	24-25	0.5977678515942841
1103	26-27	0.5385836114983746
1103	28-29	0.5722341955571864
1103	30-31	0.5380859280072556
1103	32-33	0.520098940082967
1103	34-35	0.5035628559327279
1103	36-37	0.5090360551495792
1103	38-39	0.5178043724616259
1103	40-41	0.5703217449430227
1103	42-43	0.5042397171532187
1103	44-45	0.4638892988280361
1103	46-47	0.424023534147544
1103	48-49	0.4368455383038281
1103	50-51	0.5335669368375413
1103	52-53	0.5797134384893177
1103	54-55	0.6645287665913457
1103	56-57	0.6721843668785041
1103	58-59	0.6608055509590685
1103	60-61	0.4770478421244775
1103	62-63	0.40757729371890505
1103	64-65	0.4467887409935365
1103	66-67	0.4581495900216659
1103	68-69	0.44936090429851916
1103	70-71	0.5288398232169094
1103	72-73	0.5416114084197154
1103	74-75	0.5578936164303592
1103	76-77	0.5683899238152286
1103	78-79	0.6715778945687134
1103	80-81	0.6263301116924076
1103	82-83	0.5678018803402125
1103	84-85	0.7378488913662977
1103	86-87	0.7126180048227617
1103	88-89	0.5138871395518052
1103	90-91	0.6597957444062459
1103	92-93	0.2669648249048642
1103	94-95	0.3195385061019671
1103	96-97	0.3319505614382301
1103	98-99	0.4106949996647131
1103	100-101	0.46805526851871093
1104	1	0.4111523805924975
1104	2	0.3914709800286431
1104	3	0.43122494020145297
1104	4	0.4145603417671282
1104	5	0.41682356439589086
1104	6	0.42265635345932395
1104	7	0.43570573178929095
1104	8	0.3712808178992901
1104	9	0.3848871648627892
1104	10-11	0.2876318240609379
1104	12-13	0.2415773971991868
1104	14-15	0.18761920642818808
1104	16-17	0.12002145920713758
1104	18-19	0.11689952911501678
1104	20-21	0.10646792326429733
1104	22-23	0.18035690146683692
1104	24-25	0.21023738697149952
1104	26-27	0.48998560622731446
1104	28-29	0.5121535898816916
1104	30-31	0.5097016348672341
1104	32-33	0.4839215273826767
1104	34-35	0.41766137763380584
1104	36-37	0.4517736814924831
1104	38-39	0.3081924164451024
1104	40-41	0.07601521529753796
1104	42-43	-0.0025610478966981987
1104	44-45	-0.023647858507715114
1104	46-47	0.12487278562997517
1104	48-49	0.12364619767851082
1104	50-51	0.11257988494979188
1104	52-53	0.2702827506397263
1104	54-55	0.24249707983607394
1104	56-57	0.3542250462015488
1104	58-59	0.3614882758948923
1104	60-61	0.4841135022705032
1104	62-63	0.5985722005998717
1104	64-65	0.575598149384696
1104	66-67	0.6053326923615785
1104	68-69	0.5802383371515631
1104	70-71	0.36263125287916864
1104	72-73	0.18546186117592356
1104	74-75	0.14023972293759002
1104	76-77	0.21368079877484547
1104	78-79	0.3392123629668191
1104	80-81	0.43934107285451773
1104	82-83	0.47237814104759224
1104	84-85	0.710890372727043
1104	86-87	0.9359868035614589
1104	88-89	0.7359585980928358
1104	90-91	0.784027173309461
1104	92-93	0.6854484860054448
1104	94-95	0.7683195441786488
1104	96-97	0.8372458718646847
1104	98-99	0.9486673076545635
1104	100-101	1.1164193901664632
1105	1	-0.0218444786057006
1105	2	-0.012803782458448154
1105	3	-0.04811105556259321
1105	4	0.002117346114907548
1105	5	-0.03325494053994049
1105	6	0.008063933500373821
1105	7	0.04942793118281941
1105	8	0.049220974286306785
1105	9	-0.025509011781707613
1105	10-11	0.09150748254327823
1105	12-13	0.16320593414685192
1105	14-15	0.14838115221682102
1105	16-17	0.23800519570979617
1105	18-19	0.24191721820118062
1105	20-21	0.19466955132215702
1105	22-23	0.23964424977375387
1105	24-25	0.11849787680174728
1105	26-27	-0.07718579838554973
1105	28-29	-0.08873812216300792
1105	30-31	-0.07880045814471259
1105	32-33	-0.09591503507505905
1105	34-35	-0.10476302319127484
1105	36-37	-0.035053135011040126
1105	38-39	-0.102415302804296
1105	40-41	0.017905385825635278
1105	42-43	0.028305039821866274
1105	44-45	0.0101495460728529
1105	46-47	0.15538644778745692
1105	48-49	0.17156972526373693
1105	50-51	0.24124150723801918
1105	52-53	0.33216934682900856
1105	54-55	0.35822507687912264
1105	56-57	0.17244141918412836
1105	58-59	0.056720331394323864
1105	60-61	-0.06806734621763155
1105	62-63	-0.09565542448174114
1105	64-65	-0.09719404581797164
1105	66-67	-0.024050794399801845
1105	68-69	-0.021731229993942947
1105	70-71	-0.07666098788083886
1105	72-73	-0.11505185287919772
1105	74-75	-0.1509710314258932
1105	76-77	0.03326043752515062
1105	78-79	0.22557063650210551
1105	80-81	0.2628002903554787
1105	82-83	0.31539935950772247
1105	84-85	0.40807774187955204
1105	86-87	0.4921743160764187
1105	88-89	0.2814580668383897
1105	90-91	0.33525409751584334
1105	92-93	0.109325338526304
1105	94-95	-0.03133123777918101
1105	96-97	-0.03249343222237755
1105	98-99	0.08789543771176156
1105	100-101	0.41923318810957255
1106	1	-0.18021674267957621
1106	2	-0.15560670516141073
1106	3	-0.2176124191203357
1106	4	-0.14399711090614886
1106	5	-0.19695617406834032
1106	6	-0.1864995565757468
1106	7	-0.21508018992175693
1106	8	-0.18214495911345807
1106	9	-0.18580398230952255
1106	10-11	-0.17440491845344042
1106	12-13	-0.16427466819646241
1106	14-15	-0.20967464684814985
1106	16-17	-0.22810525399082593
1106	18-19	-0.27605865079949155
1106	20-21	-0.3020741751498548
1106	22-23	-0.35729536328656053
1106	24-25	-0.35642544171614077
1106	26-27	-0.3463014763774481
1106	28-29	-0.33483746790660973
1106	30-31	-0.40411790926860647
1106	32-33	-0.36616579527606774
1106	34-35	-0.39504778019600906
1106	36-37	-0.5387611397678285
1106	38-39	-0.5270293695553647
1106	40-41	-0.4142553082942797
1106	42-43	-0.45526454483631085
1106	44-45	-0.5251092488168041
1106	46-47	-0.5006928085058355
1106	48-49	-0.5425317603766473
1106	50-51	-0.5402647195638117
1106	52-53	-0.4996888985578316
1106	54-55	-0.44517525442854833
1106	56-57	-0.514768712264857
1106	58-59	-0.5811040418178095
1106	60-61	-0.5843000846667579
1106	62-63	-0.42035922515105995
1106	64-65	-0.48333117309605456
1106	66-67	-0.3816193650129627
1106	68-69	-0.3481803405068611
1106	70-71	-0.5242624332190928
1106	72-73	-0.5995723023482071
1106	74-75	-0.643164601063237
1106	76-77	-0.7416299841372442
1106	78-79	-0.6142367388578513
1106	80-81	-0.7247086677210497
1106	82-83	-0.7643408989834093
1106	84-85	-0.7814793881550202
1106	86-87	-0.6848573653747643
1106	88-89	-0.8682759596001297
1106	90-91	-0.6841046338533943
1106	92-93	-0.7302143852154579
1106	94-95	-0.8533904686942968
1106	96-97	-0.7535429855307925
1106	98-99	-0.6983446961287996
1106	100-101	-0.44842004155459136
1107	1	-0.5683225773248708
1107	2	-0.6069749140392062
1107	3	-0.6407335502564919
1107	4	-0.5680107401898837
1107	5	-0.6727281371239471
1107	6	-0.7138248410688561
1107	7	-0.6622635457106796
1107	8	-0.6368147804222843
1107	9	-0.7463190880810728
1107	10-11	-0.5858386979456469
1107	12-13	-0.4318322656663085
1107	14-15	-0.4291863652891763
1107	16-17	-0.31052695423711896
1107	18-19	-0.3807623080869291
1107	20-21	-0.32292355877928003
1107	22-23	-0.38377818370585715
1107	24-25	-0.5045043386683403
1107	26-27	-0.6687509351839509
1107	28-29	-0.7165445679880094
1107	30-31	-0.7495188756568609
1107	32-33	-0.8987930481075637
1107	34-35	-0.8566871891258785
1107	36-37	-0.8927594826244274
1107	38-39	-0.9317764916602798
1107	40-41	-0.79023992042152
1107	42-43	-0.6733801549383713
1107	44-45	-0.7592692729576385
1107	46-47	-0.5404709311451725
1107	48-49	-0.5808227684851346
1107	50-51	-0.5881800407369049
1107	52-53	-0.531926407148692
1107	54-55	-0.5587307076475199
1107	56-57	-0.7329002618663125
1107	58-59	-0.7549949673854854
1107	60-61	-0.8188494578159151
1107	62-63	-0.689150353644969
1107	64-65	-0.7399067854713337
1107	66-67	-0.6815721436034501
1107	68-69	-0.6399112229098911
1107	70-71	-0.7992094868468946
1107	72-73	-0.873928836003067
1107	74-75	-0.8562076659394613
1107	76-77	-0.6143888867510015
1107	78-79	-0.42221900355713515
1107	80-81	-0.33897034426637873
1107	82-83	-0.355890478656697
1107	84-85	-0.31309078813356805
1107	86-87	-0.3812216898841143
1107	88-89	-0.4227162219210179
1107	90-91	-0.5764697545292492
1107	92-93	-0.6550492899210134
1107	94-95	-0.7500999614808741
1107	96-97	-0.5971385992119558
1107	98-99	-0.5907122666897919
1107	100-101	-0.49065009896813194
1108	1	-0.8600366615528543
1108	2	-0.8334893125021949
1108	3	-0.9588487004338759
1108	4	-0.7712526497600862
1108	5	-0.8748714594032023
1108	6	-0.9165519105321778
1108	7	-0.8518698993249387
1108	8	-0.7990532228865916
1108	9	-0.8522648377134203
1108	10-11	-0.8479608510423873
1108	12-13	-0.8815905363271455
1108	14-15	-0.8114617572077947
1108	16-17	-0.7939970975117916
1108	18-19	-0.7737328720616432
1108	20-21	-0.8182869282228395
1108	22-23	-0.9240876407624441
1108	24-25	-0.8627144783130376
1108	26-27	-1.0550853247779628
1108	28-29	-1.2795787051152843
1108	30-31	-1.4221150690431372
1108	32-33	-1.7387986543287255
1108	34-35	-1.7368717858919211
1108	36-37	-1.4107575646620134
1108	38-39	-1.3301053526566449
1108	40-41	-1.005298305871868
1108	42-43	-0.8152409655835839
1108	44-45	-0.8204603331891462
1108	46-47	-0.6771730452915747
1108	48-49	-0.6718383411254116
1108	50-51	-0.8536148012818678
1108	52-53	-1.0247969814521731
1108	54-55	-0.9135960785805253
1108	56-57	-0.8429488112617598
1108	58-59	-0.9213859138667715
1108	60-61	-0.951758177011218
1108	62-63	-0.8223777833569983
1108	64-65	-0.7609402183602576
1108	66-67	-0.637123897842578
1108	68-69	-0.6358619211122836
1108	70-71	-0.597800145865726
1108	72-73	-0.6901811284322008
1108	74-75	-0.6864002817875132
1108	76-77	-0.4550666147905744
1108	78-79	-0.313285057582398
1108	80-81	-0.3449621495603523
1108	82-83	-0.28996126599646743
1108	84-85	-0.26477422639274195
1108	86-87	-0.47419802061794414
1108	88-89	-0.4121824341442455
1108	90-91	-0.51209235279617
1108	92-93	-0.5671312256391232
1108	94-95	-0.8286673246137504
1108	96-97	-0.9279256405831298
1108	98-99	-0.9670613672110484
1108	100-101	-1.2763638908142418
1201	1	0.40875174922720703
1201	2	0.4726604283113929
1201	3	0.4507051988412556
1201	4	0.5253915642309082
1201	5	0.4690455880600908
1201	6	0.4438415992879641
1201	7	0.48932253990680863
1201	8	0.5649484479294031
1201	9	0.47407047073949116
1201	10-11	0.6259122930232053
1201	12-13	0.6860067662111788
1201	14-15	0.7093561655634062
1201	16-17	0.7848751992346052
1201	18-19	0.80522333738746
1201	20-21	0.8618433729572033
1201	22-23	0.9511883718569294
1201	24-25	0.7020034837628657
1201	26-27	0.751669113633568
1201	28-29	0.8360713070954162
1201	30-31	0.9217148317662236
1201	32-33	1.028324288911989
1201	34-35	1.0031196423433784
1201	36-37	0.9647577786170274
1201	38-39	0.9138845285117938
1201	40-41	0.9590029637807049
1201	42-43	0.9347467481858303
1201	44-45	0.9735647496994773
1201	46-47	1.0255246372777833
1201	48-49	1.0717596006905836
1201	50-51	1.1182388529176812
1201	52-53	1.1361899023403943
1201	54-55	1.1649813068449006
1201	56-57	0.8694153981035342
1201	58-59	0.8986103253498285
1201	60-61	0.877223666320738
1201	62-63	1.0595492567391318
1201	64-65	0.9422111834699045
1201	66-67	0.9729658338706422
1201	68-69	1.0195646058909453
1201	70-71	0.9349255834562129
1201	72-73	1.00095949278559
1201	74-75	0.9751463738903503
1201	76-77	1.071298183549061
1201	78-79	1.1427557184141222
1201	80-81	1.2620327818899426
1201	82-83	1.3092890924118805
1201	84-85	1.2920591447546457
1201	86-87	1.2029754845182374
1201	88-89	1.1349258292304434
1201	90-91	1.3137606198232206
1201	92-93	1.429291982182452
1201	94-95	1.6327205771229636
1201	96-97	1.9613287152425407
1201	98-99	1.9102192250928915
1201	100-101	1.9424315411424615
1202	1	0.640862206204929
1202	2	0.6554872047047056
1202	3	0.6904313539029303
1202	4	0.6534514622674621
1202	5	0.5815324412104417
1202	6	0.6054774748932203
1202	7	0.6380596017335733
1202	8	0.5981086047105393
1202	9	0.5741600105041513
1202	10-11	0.3980179617154249
1202	12-13	0.19845838934300986
1202	14-15	0.13408304532708115
1202	16-17	-0.08687413844205594
1202	18-19	0.06774367814375637
1202	20-21	0.06733571531209037
1202	22-23	0.04363868710230179
1202	24-25	0.26749372347870803
1202	26-27	0.8366512473096961
1202	28-29	0.8715791207757206
1202	30-31	1.0267319779322435
1202	32-33	1.167168426639364
1202	34-35	1.0951367941158026
1202	36-37	1.096335841887523
1202	38-39	0.9535262225062624
1202	40-41	0.76576817119183
1202	42-43	0.609253325623655
1202	44-45	0.5242731965969938
1202	46-47	0.02778746344088745
1202	48-49	-0.06796121642154418
1202	50-51	0.07566059808506864
1202	52-53	0.15057883573957653
1202	54-55	0.16634377304121273
1202	56-57	0.6231278741789268
1202	58-59	0.7111426263447669
1202	60-61	0.9481834618249465
1202	62-63	1.151998140521009
1202	64-65	1.092540797472843
1202	66-67	1.0228407075199115
1202	68-69	1.0992270409392297
1202	70-71	0.8988440152955128
1202	72-73	0.8130903184336233
1202	74-75	0.6630791011257386
1202	76-77	0.32726343910448463
1202	78-79	0.26882765907400596
1202	80-81	0.04729649221309984
1202	82-83	-0.012953679216813896
1202	84-85	-0.023079939427404383
1202	86-87	0.04169930046847625
1202	88-89	-0.005114344518627689
1202	90-91	0.4413344196860223
1202	92-93	0.8169897089197526
1202	94-95	0.9476380147395744
1202	96-97	1.3122832606702595
1202	98-99	1.2182744634962468
1202	100-101	1.1912764210992357
1203	1	0.3236785644196658
1203	2	0.3747346181041493
1203	3	0.3405138535388801
1203	4	0.40881478042877006
1203	5	0.39445336876405435
1203	6	0.4012677915911098
1203	7	0.39078809249821234
1203	8	0.35955032597073
1203	9	0.4521605683873702
1203	10-11	0.45569880672479
1203	12-13	0.5070432727077687
1203	14-15	0.5245084481940481
1203	16-17	0.5488636211056672
1203	18-19	0.6190146424176532
1203	20-21	0.5690567805555489
1203	22-23	0.5905834723380465
1203	24-25	0.5863260846270251
1203	26-27	0.5562645211437243
1203	28-29	0.5464627018399142
1203	30-31	0.5465343164798284
1203	32-33	0.5868143316978589
1203	34-35	0.5629051571257548
1203	36-37	0.5611321430487379
1203	38-39	0.5554924963587169
1203	40-41	0.5551103103531929
1203	42-43	0.5135597956532507
1203	44-45	0.44253252223585093
1203	46-47	0.3508528431970035
1203	48-49	0.3604036051030164
1203	50-51	0.45276313241427246
1203	52-53	0.4321891496463586
1203	54-55	0.4487269944308494
1203	56-57	0.573073007291093
1203	58-59	0.5433024365161536
1203	60-61	0.487595509933918
1203	62-63	0.4497062798967555
1203	64-65	0.45821345491389565
1203	66-67	0.4327760687428359
1203	68-69	0.5198087876856441
1203	70-71	0.45353949195812504
1203	72-73	0.5488855722013852
1203	74-75	0.5196663681069644
1203	76-77	0.46120802264831084
1203	78-79	0.5312929367706367
1203	80-81	0.4698915280974063
1203	82-83	0.42983489573931877
1203	84-85	0.42441630724889734
1203	86-87	0.2821259880961229
1203	88-89	0.33568136999437925
1203	90-91	0.44481225419347936
1203	92-93	0.4674896003207323
1203	94-95	0.4735858515347431
1203	96-97	0.47997526649022504
1203	98-99	0.43376869168026033
1203	100-101	0.43825073279606386
1204	1	0.338016214476788
1204	2	0.27969003034883855
1204	3	0.32734548866124413
1204	4	0.3590902882648592
1204	5	0.27204690778351903
1204	6	0.21042171957592615
1204	7	0.236483701830835
1204	8	0.24723857332978838
1204	9	0.22663364596898816
1204	10-11	0.15272744860111231
1204	12-13	0.036520276007557584
1204	14-15	0.16386261216717202
1204	16-17	0.010384101586296879
1204	18-19	0.11926809457185783
1204	20-21	0.043744118724518444
1204	22-23	0.04238601440493284
1204	24-25	0.10197267996544213
1204	26-27	0.327308591220266
1204	28-29	0.38695312923108816
1204	30-31	0.4991732135723339
1204	32-33	0.5120368471185159
1204	34-35	0.47364853351103875
1204	36-37	0.4572786482857154
1204	38-39	0.26488475736000083
1204	40-41	0.04183701845382615
1204	42-43	-0.11364267229805591
1204	44-45	0.013622571562592611
1204	46-47	0.18495492552248294
1204	48-49	0.1276485161424148
1204	50-51	0.23922637953004866
1204	52-53	0.34475689742753346
1204	54-55	0.2527748821948492
1204	56-57	0.410500013380549
1204	58-59	0.38032613005861293
1204	60-61	0.5571541837313703
1204	62-63	0.5182120133716097
1204	64-65	0.5442589754278657
1204	66-67	0.4839442608511355
1204	68-69	0.520145655999702
1204	70-71	0.20849768578842998
1204	72-73	0.21275667226767325
1204	74-75	0.19817598059887231
1204	76-77	0.13772427653245245
1204	78-79	0.22969341144362332
1204	80-81	0.23346633365771652
1204	82-83	0.4503718307204245
1204	84-85	0.45527470179286667
1204	86-87	0.49228419079641483
1204	88-89	0.5609719445238
1204	90-91	0.47710929174293426
1204	92-93	0.6763779485352011
1204	94-95	0.7502073032934007
1204	96-97	0.8105471775640254
1204	98-99	0.7503120558836578
1204	100-101	0.8450450124176854
1205	1	-0.032737073277161244
1205	2	-0.04955115932324361
1205	3	-0.07781659731637092
1205	4	-0.02565551842545233
1205	5	-0.03402507939395605
1205	6	-0.03307132593943862
1205	7	-0.03819847680055233
1205	8	-0.00285295918852313
1205	9	-0.0223690402097958
1205	10-11	0.05153124593313407
1205	12-13	0.09954156210195464
1205	14-15	0.13739189186249234
1205	16-17	0.18380718712859334
1205	18-19	0.16943186495694817
1205	20-21	0.19180143718666187
1205	22-23	0.25146176646314444
1205	24-25	0.1249190002177869
1205	26-27	0.03230393340638926
1205	28-29	-0.05128052873757838
1205	30-31	-0.08740377154204282
1205	32-33	-0.08289813170583926
1205	34-35	-0.15623933732413775
1205	36-37	-0.16875043265967804
1205	38-39	-0.1360123524411705
1205	40-41	-0.035888350141767944
1205	42-43	-0.07439208693061516
1205	44-45	-0.010067875573497531
1205	46-47	0.03464845478364964
1205	48-49	-0.008224677642036937
1205	50-51	0.1502822678890361
1205	52-53	0.20273329875341872
1205	54-55	0.14804937608014868
1205	56-57	0.14680125370256292
1205	58-59	0.08833979419428317
1205	60-61	-0.09095696974387124
1205	62-63	-0.2607425095985505
1205	64-65	-0.3076779519972064
1205	66-67	-0.32911300413301703
1205	68-69	-0.3792050837936749
1205	70-71	-0.33901443123480846
1205	72-73	-0.18036259193725712
1205	74-75	-0.17661412125758957
1205	76-77	-0.06008782291474901
1205	78-79	-0.04673293258163369
1205	80-81	-0.024693095359822337
1205	82-83	0.06135421447129019
1205	84-85	0.05624818504264795
1205	86-87	-0.021345674136391324
1205	88-89	0.009422448742121503
1205	90-91	-0.06935991399919317
1205	92-93	-0.07053778427571089
1205	94-95	-0.11466487040575757
1205	96-97	-0.15867991692182315
1205	98-99	-0.12709772830693566
1205	100-101	-0.06366025589082724
1206	1	-0.12727865675643102
1206	2	-0.10490251265419914
1206	3	-0.15688870649246667
1206	4	-0.1462316414434639
1206	5	-0.1529887158937413
1206	6	-0.15901473207390637
1206	7	-0.1289324329871704
1206	8	-0.10044814420704284
1206	9	-0.18713727024013593
1206	10-11	-0.16864709288178403
1206	12-13	-0.23606650945485086
1206	14-15	-0.23399681466667488
1206	16-17	-0.15495307786144963
1206	18-19	-0.174435260194727
1206	20-21	-0.22395330685547066
1206	22-23	-0.2897776598536481
1206	24-25	-0.2539014616407087
1206	26-27	-0.23573715496987546
1206	28-29	-0.26481062062131855
1206	30-31	-0.3800433961161218
1206	32-33	-0.40903071249441325
1206	34-35	-0.4171787750479794
1206	36-37	-0.44614425394878765
1206	38-39	-0.48119058556770966
1206	40-41	-0.34125953471653503
1206	42-43	-0.37432187366158587
1206	44-45	-0.430170743175168
1206	46-47	-0.45706684284769494
1206	48-49	-0.5377905364177877
1206	50-51	-0.45811102063726494
1206	52-53	-0.49125189054108276
1206	54-55	-0.46643017603538084
1206	56-57	-0.24383330136310377
1206	58-59	-0.18781260602490235
1206	60-61	-0.3429479356788363
1206	62-63	-0.4238008392673862
1206	64-65	-0.47995874824950846
1206	66-67	-0.5027668067298059
1206	68-69	-0.4302002266416203
1206	70-71	-0.5522511409620172
1206	72-73	-0.5874518493142418
1206	74-75	-0.6209445266357996
1206	76-77	-0.8238079125472311
1206	78-79	-0.8348292311092678
1206	80-81	-0.9091396040030943
1206	82-83	-0.9386589309729416
1206	84-85	-0.9194550423288845
1206	86-87	-1.0123114319921847
1206	88-89	-0.8410330641241082
1206	90-91	-0.7773462229666777
1206	92-93	-0.535917707628677
1206	94-95	-0.6413096148049782
1206	96-97	-0.6823958085335278
1206	98-99	-0.7114243569844128
1206	100-101	-0.6439811551871415
1207	1	-0.5396590764491123
1207	2	-0.5696277619867658
1207	3	-0.59241749723693
1207	4	-0.5899669799003391
1207	5	-0.5955829224913316
1207	6	-0.6897170909228123
1207	7	-0.6162475790693236
1207	8	-0.6129722569644045
1207	9	-0.6917995348871528
1207	10-11	-0.5599869160675581
1207	12-13	-0.4266927241690084
1207	14-15	-0.3798983677373329
1207	16-17	-0.29308035282638656
1207	18-19	-0.3168093306550901
1207	20-21	-0.36274639368318873
1207	22-23	-0.34970046141659594
1207	24-25	-0.45080976388322824
1207	26-27	-0.6792375079446771
1207	28-29	-0.7797937594691859
1207	30-31	-0.8440921889018185
1207	32-33	-0.851672895299977
1207	34-35	-0.958171512012683
1207	36-37	-1.0304485939709167
1207	38-39	-1.027232867671266
1207	40-41	-0.8231172704466232
1207	42-43	-0.797553572085576
1207	44-45	-0.7593620568783379
1207	46-47	-0.6536038974379714
1207	48-49	-0.6586680143842578
1207	50-51	-0.5834451953839555
1207	52-53	-0.574382081693809
1207	54-55	-0.5699310330020708
1207	56-57	-0.6985598522651344
1207	58-59	-0.7162417113724864
1207	60-61	-0.8886596186189344
1207	62-63	-1.0110784551455083
1207	64-65	-1.0687510725526899
1207	66-67	-1.0313362937804058
1207	68-69	-1.0044600760971
1207	70-71	-0.9987332041340764
1207	72-73	-0.9045425992874847
1207	74-75	-0.8360657657512967
1207	76-77	-0.7735087816896353
1207	78-79	-0.7936730564809764
1207	80-81	-0.7387888388634423
1207	82-83	-0.6954434736440973
1207	84-85	-0.7535828817594421
1207	86-87	-0.790623703016319
1207	88-89	-0.5964203530194645
1207	90-91	-0.6750259826733185
1207	92-93	-0.702595141123961
1207	94-95	-0.7757872426173584
1207	96-97	-0.7563358770476505
1207	98-99	-0.6847211013183134
1207	100-101	-0.6650887766670515
1208	1	-0.7578534198373461
1208	2	-0.8357358079931956
1208	3	-0.9378868332039758
1208	4	-0.9681804351563699
1208	5	-0.8485354448062097
1208	6	-0.9997692784156911
1208	7	-0.9167311893499885
1208	8	-0.9039048189590915
1208	9	-0.904858929466684
1208	10-11	-0.8930854346061494
1208	12-13	-0.8454325143595867
1208	14-15	-0.8087611506183308
1208	16-17	-0.7443169677184542
1208	18-19	-0.8155431716459134
1208	20-21	-0.7502506463306062
1208	22-23	-0.8491830954860689
1208	24-25	-0.8449358073075786
1208	26-27	-1.005321690461301
1208	28-29	-1.3836662241837487
1208	30-31	-1.501428988049554
1208	32-33	-1.7867066932224276
1208	34-35	-1.577896085079253
1208	36-37	-1.3516386930657447
1208	38-39	-1.329012101041016
1208	40-41	-1.0924975101761802
1208	42-43	-0.9270684426600013
1208	44-45	-0.8804504742772039
1208	46-47	-0.6725637389419639
1208	48-49	-0.7652998377301827
1208	50-51	-1.065153037996243
1208	52-53	-1.0539839984270145
1208	54-55	-0.9641181434541544
1208	56-57	-0.8309946464262445
1208	58-59	-0.888105817844945
1208	60-61	-0.9454179332195203
1208	62-63	-0.8785881403452649
1208	64-65	-0.9457417354311843
1208	66-67	-0.726742800359272
1208	68-69	-0.6639276245347041
1208	70-71	-0.6547630620167233
1208	72-73	-0.6112496085921393
1208	74-75	-0.5572151370212417
1208	76-77	-0.5096986103874812
1208	78-79	-0.6819868810757583
1208	80-81	-0.6952040421131045
1208	82-83	-0.6570488001293882
1208	84-85	-0.6960480380578105
1208	86-87	-0.6187959402633432
1208	88-89	-0.4473977094889534
1208	90-91	-0.4649284022816751
1208	92-93	-0.3561902367563725
1208	94-95	-0.451836703622444
1208	96-97	-0.7493508134628222
1208	98-99	-0.7894906809398705
1208	100-101	-0.9576435463753583
2101	1	0.4734075488850351
2101	2	0.48169082060006474
2101	3	0.5201414445791528
2101	4	0.5025092066747732
2101	5	0.503195620215962
2101	6	0.5053568056681144
2101	7	0.5135235873539656
2101	8	0.5453884408381882
2101	9	0.5730155245360251
2101	10-11	0.6490807829062604
2101	12-13	0.7571363901664014
2101	14-15	0.7657055822977057
2101	16-17	0.7722335781165981
2101	18-19	0.794535883428459
2101	20-21	0.8199485433332896
2101	22-23	0.8424892128055319
2101	24-25	0.7904202287700741
2101	26-27	0.6885066547856411
2101	28-29	0.7795124155950504
2101	30-31	0.9171395276919299
2101	32-33	1.025016615434673
2101	34-35	1.026096095551793
2101	36-37	0.8355080626231342
2101	38-39	0.9188164432381214
2101	40-41	0.8679356693735301
2101	42-43	0.8644826687705205
2101	44-45	0.9320382082121199
2101	46-47	0.949967872873394
2101	48-49	0.9948650881065007
2101	50-51	1.0262524667491242
2101	52-53	1.0289209813670261
2101	54-55	1.0253486318508038
2101	56-57	0.794542090215522
2101	58-59	0.7235610615039363
2101	60-61	0.7116261674831534
2101	62-63	0.700082830104094
2101	64-65	0.7828252651806018
2101	66-67	0.6584716667434982
2101	68-69	0.7506714682459474
2101	70-71	0.7882324897286495
2101	72-73	0.7719778483911242
2101	74-75	0.7503154039737261
2101	76-77	0.9541858242724608
2101	78-79	0.9543994830982143
2101	80-81	1.0294040271170495
2101	82-83	1.0407322112556443
2101	84-85	1.042982419689146
2101	86-87	1.0059693448154228
2101	88-89	1.1112986385973826
2101	90-91	1.0624709781627928
2101	92-93	0.9370272508743192
2101	94-95	0.9958634000865736
2101	96-97	1.1787680334829531
2101	98-99	1.144710508091098
2101	100-101	1.2663065459647385
2102	1	0.5881427586644961
2102	2	0.6029412278557871
2102	3	0.6788306523078518
2102	4	0.6291325538062651
2102	5	0.5379861838366438
2102	6	0.5673490753560131
2102	7	0.6099918094785082
2102	8	0.5490911244745789
2102	9	0.5912447132232188
2102	10-11	0.3707814821894999
2102	12-13	0.15918337300655594
2102	14-15	0.04562135111711285
2102	16-17	0.008269541568161287
2102	18-19	-0.008713055962033422
2102	20-21	-0.038065127629813844
2102	22-23	-0.06405877730639986
2102	24-25	0.22833082963592233
2102	26-27	0.6519397509994178
2102	28-29	0.7686278210733093
2102	30-31	0.8651746806079359
2102	32-33	0.968511931710502
2102	34-35	0.9064366406757642
2102	36-37	0.9248875581811689
2102	38-39	0.8891315855290216
2102	40-41	0.7302228713743872
2102	42-43	0.6438481126227629
2102	44-45	0.48402920254035564
2102	46-47	-0.03166149305370425
2102	48-49	0.0763522690694245
2102	50-51	0.13360208059540568
2102	52-53	0.2178138151646074
2102	54-55	0.2824602752590053
2102	56-57	0.42225426654883336
2102	58-59	0.5198741650968053
2102	60-61	0.6452690316959107
2102	62-63	0.7062634186366736
2102	64-65	0.8077464687665241
2102	66-67	0.7733683185936187
2102	68-69	0.7408155699940657
2102	70-71	0.6244873154184702
2102	72-73	0.5196297153239939
2102	74-75	0.34076973333923277
2102	76-77	-6.177382183594204E-4
2102	78-79	-0.059829898902705736
2102	80-81	-0.1997238979380711
2102	82-83	-0.32278378344948777
2102	84-85	-0.3068686710730617
2102	86-87	-0.28770705396221175
2102	88-89	-0.06254896336310978
2102	90-91	0.05068340383236247
2102	92-93	0.16409407820081512
2102	94-95	0.2697278073350411
2102	96-97	0.4626542462178094
2102	98-99	0.4483580661570379
2102	100-101	0.47487121293091406
2103	1	0.2995743064228904
2103	2	0.36575179120968926
2103	3	0.3904758745036787
2103	4	0.35811795262124235
2103	5	0.40237800808115054
2103	6	0.4349832106234359
2103	7	0.4417745151387251
2103	8	0.45087427177895023
2103	9	0.4648634569640606
2103	10-11	0.5208873671126071
2103	12-13	0.569797490178118
2103	14-15	0.5724748346969406
2103	16-17	0.6298195266171973
2103	18-19	0.6323032752032844
2103	20-21	0.6455853308596957
2103	22-23	0.6791022552544419
2103	24-25	0.6474279761169015
2103	26-27	0.5403654986880397
2103	28-29	0.56144251132649
2103	30-31	0.533015389279349
2103	32-33	0.5401422064572756
2103	34-35	0.582077701822115
2103	36-37	0.5705719094251691
2103	38-39	0.6767853677598836
2103	40-41	0.6388146037026559
2103	42-43	0.6691553642675672
2103	44-45	0.6635188533641525
2103	46-47	0.5399227758175513
2103	48-49	0.5046694767446951
2103	50-51	0.6078859409315918
2103	52-53	0.647072401916045
2103	54-55	0.7247594564964785
2103	56-57	0.6244223713777401
2103	58-59	0.465421017289799
2103	60-61	0.3891101592191717
2103	62-63	0.2992043152053405
2103	64-65	0.3985585498458555
2103	66-67	0.5261796233421272
2103	68-69	0.5230606487634297
2103	70-71	0.5896464635888137
2103	72-73	0.651338600401651
2103	74-75	0.6282830195887925
2103	76-77	0.6572685013547144
2103	78-79	0.6023844575381361
2103	80-81	0.6051550965462766
2103	82-83	0.5352814547765732
2103	84-85	0.5790960631773139
2103	86-87	0.32088176294169557
2103	88-89	0.4241020983264825
2103	90-91	0.42329640432598836
2103	92-93	0.2501543826781365
2103	94-95	0.22117619925426268
2103	96-97	0.14535077435460764
2103	98-99	0.1082240988556471
2103	100-101	0.10895601350480888
2104	1	0.2973655860808151
2104	2	0.3297639355903641
2104	3	0.36165805604861134
2104	4	0.2483798145745908
2104	5	0.3651556870805308
2104	6	0.3665353300977685
2104	7	0.33249530435855235
2104	8	0.23420097987631294
2104	9	0.3292984610857985
2104	10-11	0.19291211907538042
2104	12-13	0.1950165497409344
2104	14-15	0.12476209315978082
2104	16-17	0.1251442968145966
2104	18-19	0.06276340512293643
2104	20-21	0.1575263249060228
2104	22-23	0.0619401269393407
2104	24-25	0.22144975648734544
2104	26-27	0.3371419800170514
2104	28-29	0.42136025320306203
2104	30-31	0.4144619743645208
2104	32-33	0.4246405511096114
2104	34-35	0.43667460588604
2104	36-37	0.4450273046715054
2104	38-39	0.32301366745883087
2104	40-41	0.014179470058813592
2104	42-43	0.019674173101748238
2104	44-45	0.1564212969202572
2104	46-47	0.13041432433217892
2104	48-49	0.08947559053046916
2104	50-51	0.19277000912266473
2104	52-53	0.30854477931190516
2104	54-55	0.32658153467414763
2104	56-57	0.3543332702230728
2104	58-59	0.356944111228799
2104	60-61	0.4391058361708602
2104	62-63	0.4486686197399301
2104	64-65	0.43398455472541286
2104	66-67	0.6082804988352102
2104	68-69	0.48249266391211876
2104	70-71	0.48049634350429926
2104	72-73	0.351957704816094
2104	74-75	0.3333542540152301
2104	76-77	0.2857631411186219
2104	78-79	0.24539948853149696
2104	80-81	0.3940847785534096
2104	82-83	0.4364777367363075
2104	84-85	0.4259158980052078
2104	86-87	0.6109402491761706
2104	88-89	0.702968333831425
2104	90-91	0.4022999202211821
2104	92-93	0.5052857552803154
2104	94-95	0.5148539130396834
2104	96-97	0.4956668373924984
2104	98-99	0.4798632256679447
2104	100-101	0.40464150287754563
2105	1	-0.07325524858898547
2105	2	-0.07123947055991664
2105	3	-0.019996023175274047
2105	4	-0.08270450122687123
2105	5	7.084726308406175E-4
2105	6	-0.02506405673433676
2105	7	-0.00880322469912187
2105	8	-0.04063651049313677
2105	9	0.02195212683714942
2105	10-11	0.04145128900680106
2105	12-13	0.08507206067506701
2105	14-15	0.12108007418814282
2105	16-17	0.16567154167060494
2105	18-19	0.13169985530616657
2105	20-21	0.16425577521933832
2105	22-23	0.20656535877515836
2105	24-25	0.13423163385840553
2105	26-27	-0.07857736875934762
2105	28-29	-0.04666503801691846
2105	30-31	-0.006640277293350039
2105	32-33	-0.025661306300598596
2105	34-35	-0.02221110771048984
2105	36-37	-0.08598059150951087
2105	38-39	0.013415635495405809
2105	40-41	0.05082356451483605
2105	42-43	0.053511310194110706
2105	44-45	0.08725587219240083
2105	46-47	0.17686087989149257
2105	48-49	0.16654360698071002
2105	50-51	0.19231697672026726
2105	52-53	0.22645299543431818
2105	54-55	0.1819803067737027
2105	56-57	0.0673132529511058
2105	58-59	-0.03498723798686143
2105	60-61	-0.1426651316243479
2105	62-63	-0.29514797193956355
2105	64-65	-0.31669893718782305
2105	66-67	-0.03917436326285895
2105	68-69	-0.14832040832504134
2105	70-71	-0.018365511393785283
2105	72-73	0.05179006843028233
2105	74-75	0.04739012015038213
2105	76-77	0.17721540764064514
2105	78-79	0.17748200585779372
2105	80-81	0.21771138583012117
2105	82-83	0.11194312695500486
2105	84-85	0.13154001915874858
2105	86-87	-0.06139563815415627
2105	88-89	0.06216142094432442
2105	90-91	-0.051165268331857305
2105	92-93	-0.11523591262213273
2105	94-95	-0.19187208019988233
2105	96-97	-0.37438276518708236
2105	98-99	-0.36052820635233473
2105	100-101	-0.3525523525061587
2106	1	-0.21320901526820535
2106	2	-0.2517892181894723
2106	3	-0.22802820604638896
2106	4	-0.2804038875504915
2106	5	-0.27167908958275433
2106	6	-0.24728575863674251
2106	7	-0.21793801710173
2106	8	-0.2705795985764041
2106	9	-0.20786248142823638
2106	10-11	-0.21132061931484714
2106	12-13	-0.23367567252184784
2106	14-15	-0.22916162092288772
2106	16-17	-0.21983509791976985
2106	18-19	-0.2688807699947233
2106	20-21	-0.3483995402687796
2106	22-23	-0.34910037041327513
2106	24-25	-0.3667525877350144
2106	26-27	-0.33714510874277437
2106	28-29	-0.34719407360236687
2106	30-31	-0.41743500350300167
2106	32-33	-0.43431201529572405
2106	34-35	-0.35417464495986906
2106	36-37	-0.43031212577304956
2106	38-39	-0.33111174182295855
2106	40-41	-0.38838327357490243
2106	42-43	-0.37465457975059735
2106	44-45	-0.34786593591622506
2106	46-47	-0.39645604230149445
2106	48-49	-0.43132946715932263
2106	50-51	-0.5008387133499035
2106	52-53	-0.5448176485828462
2106	54-55	-0.5478911853672734
2106	56-57	-0.4175122638411395
2106	58-59	-0.42383378798966476
2106	60-61	-0.48492683466181674
2106	62-63	-0.5592387566586083
2106	64-65	-0.5840626688863182
2106	66-67	-0.37772385680812803
2106	68-69	-0.4920366177386235
2106	70-71	-0.4816359927636853
2106	72-73	-0.39841981602794263
2106	74-75	-0.46543975281098326
2106	76-77	-0.46584509495866655
2106	78-79	-0.560982936225578
2106	80-81	-0.6444278529560918
2106	82-83	-0.8173640829001556
2106	84-85	-0.8342257945982468
2106	86-87	-0.9888591667782016
2106	88-89	-0.8621667457051316
2106	90-91	-0.7461583252487962
2106	92-93	-0.7991608742994494
2106	94-95	-0.8103645023925274
2106	96-97	-0.9908996954104801
2106	98-99	-0.9675088464152246
2106	100-101	-1.0093351574560643
2107	1	-0.5428813650886468
2107	2	-0.6561366051280473
2107	3	-0.6347148222389976
2107	4	-0.6901082007844437
2107	5	-0.6121361816328701
2107	6	-0.6171071796560526
2107	7	-0.7040940971740639
2107	8	-0.6994475154933326
2107	9	-0.6384242486323544
2107	10-11	-0.544254332235738
2107	12-13	-0.49891400342608705
2107	14-15	-0.5146373469203738
2107	16-17	-0.4601925641683309
2107	18-19	-0.4530790052713485
2107	20-21	-0.4540204510014405
2107	22-23	-0.45816650196746167
2107	24-25	-0.6074325556891509
2107	26-27	-0.8047250574265163
2107	28-29	-0.9408808264293782
2107	30-31	-0.920949250569393
2107	32-33	-0.9883306060853059
2107	34-35	-0.97274481554863
2107	36-37	-1.0723014836573697
2107	38-39	-0.9420388227934353
2107	40-41	-0.860555310705216
2107	42-43	-0.7299770141008963
2107	44-45	-0.6728085325274265
2107	46-47	-0.5212553028426612
2107	48-49	-0.4679049082580917
2107	50-51	-0.5734072226092941
2107	52-53	-0.6260906025103488
2107	54-55	-0.6677305085466756
2107	56-57	-0.7385098053485493
2107	58-59	-0.7836530790645568
2107	60-61	-0.9324724542905294
2107	62-63	-1.0344961326176403
2107	64-65	-0.9997670685665483
2107	66-67	-0.8481897608976396
2107	68-69	-0.9048677719151783
2107	70-71	-0.7833816976966723
2107	72-73	-0.692293557122273
2107	74-75	-0.7263679189529704
2107	76-77	-0.5444133058445075
2107	78-79	-0.579798018290731
2107	80-81	-0.47878367110194375
2107	82-83	-0.5712205556352643
2107	84-85	-0.5484262171727856
2107	86-87	-0.6650099683392661
2107	88-89	-0.5684409330000193
2107	90-91	-0.5439610286798171
2107	92-93	-0.7109646780514325
2107	94-95	-0.8035167235495599
2107	96-97	-1.0268452605937775
2107	98-99	-1.095722228057415
2107	100-101	-1.2141839239616203
2108	1	-0.9160226800855895
2108	2	-0.9696173032529174
2108	3	-1.0055352644871078
2108	4	-1.003833498073611
2108	5	-0.9617421490320552
2108	6	-0.8546898650834152
2108	7	-1.0097673689612492
2108	8	-0.9119799917543716
2108	9	-0.9468762868723672
2108	10-11	-1.0045878435332867
2108	12-13	-1.0499371816150926
2108	14-15	-0.9971625794603867
2108	16-17	-1.205637042855173
2108	18-19	-1.2328935166529504
2108	20-21	-1.1992499400707217
2108	22-23	-1.2223098192705422
2108	24-25	-1.1119450436004286
2108	26-27	-1.1253380985472248
2108	28-29	-1.2818670120310571
2108	30-31	-1.386645993049271
2108	32-33	-1.4737579988025225
2108	34-35	-1.3928714891177698
2108	36-37	-1.2090144979657538
2108	38-39	-1.1162187084479527
2108	40-41	-0.8756490767945877
2108	42-43	-0.6880461318737474
2108	44-45	-0.6546233000971853
2108	46-47	-0.5396224254332722
2108	48-49	-0.6697376631889043
2108	50-51	-0.8733818234638484
2108	52-53	-1.080688654900971
2108	54-55	-1.0560106828268232
2108	56-57	-0.9085799058067607
2108	58-59	-0.8577731923555589
2108	60-61	-0.8422873506621364
2108	62-63	-0.7519016566734038
2108	64-65	-0.6520270754114819
2108	66-67	-0.5733530308849488
2108	68-69	-0.5685496171034821
2108	70-71	-0.44882320372910556
2108	72-73	-0.290157049323426
2108	74-75	-0.22741040959471448
2108	76-77	-0.05239236099777855
2108	78-79	-0.16503473373604294
2108	80-81	-0.2465499726960232
2108	82-83	-0.30793429293212427
2108	84-85	-0.32278649759980027
2108	86-87	-0.31808819871892524
2108	88-89	-0.19864474629184414
2108	90-91	-0.13119874111618657
2108	92-93	-0.19704493664396594
2108	94-95	-0.33281368264119493
2108	96-97	-0.6315726412567209
2108	98-99	-0.7557954236923017
2108	100-101	-1.1021573019371118
2201	1	0.38801353806850614
2201	2	0.4214784004015186
2201	3	0.458030875755405
2201	4	0.43065610622604567
2201	5	0.4744767029647221
2201	6	0.4624545997239977
2201	7	0.4537159786501519
2201	8	0.5032230996300697
2201	9	0.481363904846809
2201	10-11	0.624664048763087
2201	12-13	0.6941210294978859
2201	14-15	0.7167725638711673
2201	16-17	0.7086953397121292
2201	18-19	0.735517129666377
2201	20-21	0.7601944982723765
2201	22-23	0.7421244656713668
2201	24-25	0.6593666437342165
2201	26-27	0.018649321100994598
2201	28-29	0.5133764342796425
2201	30-31	0.6744241139525968
2201	32-33	0.9143951574107874
2201	34-35	0.8935338154501409
2201	36-37	0.896185343775592
2201	38-39	0.9610811172558087
2201	40-41	0.843657660597394
2201	42-43	0.7887033102700798
2201	44-45	0.8588157218519683
2201	46-47	0.876730672072739
2201	48-49	0.9744917763142666
2201	50-51	0.9749354266763781
2201	52-53	0.9491031119823141
2201	54-55	0.8489204211504884
2201	56-57	0.5430912108539161
2201	58-59	0.5441477238043433
2201	60-61	0.679731626074016
2201	62-63	0.6913527624474405
2201	64-65	0.7045094263792144
2201	66-67	0.5170697930217578
2201	68-69	0.37640363217371586
2201	70-71	0.5206673003530113
2201	72-73	0.399991897356724
2201	74-75	0.5052087568728254
2201	76-77	0.7169448315410136
2201	78-79	0.6641526174577308
2201	80-81	0.7741313846714988
2201	82-83	0.84335669077117
2201	84-85	0.7574472263066383
2201	86-87	0.6596649186710728
2201	88-89	0.555663081346875
2201	90-91	0.48199076249674633
2201	92-93	0.6541004767935981
2201	94-95	0.8060511404573454
2201	96-97	1.110162623249547
2201	98-99	1.197750348275953
2201	100-101	1.2280671509836694
2202	1	0.6318869317795262
2202	2	0.6145343545312301
2202	3	0.6965359783909619
2202	4	0.6484574134589494
2202	5	0.5776100287124848
2202	6	0.654788739267822
2202	7	0.6432421678621054
2202	8	0.5543645018726693
2202	9	0.6038537669098858
2202	10-11	0.2607612133021462
2202	12-13	0.1625277538373595
2202	14-15	0.043013378748419484
2202	16-17	-0.1058654532371861
2202	18-19	-0.10350604666506769
2202	20-21	0.014820654855121518
2202	22-23	-0.034988552259811456
2202	24-25	0.23715394451532745
2202	26-27	0.7471031640636312
2202	28-29	0.8705976409351734
2202	30-31	1.0057047545479918
2202	32-33	1.1663890042174998
2202	34-35	1.105172756187315
2202	36-37	1.081537461783853
2202	38-39	0.9460014609526084
2202	40-41	0.6727714853979236
2202	42-43	0.5855573932142093
2202	44-45	0.39023343381203546
2202	46-47	0.05675281700564483
2202	48-49	0.11614212512741062
2202	50-51	0.16656180117129438
2202	52-53	0.21568875601679238
2202	54-55	0.19564036494923087
2202	56-57	0.3951195217803374
2202	58-59	0.599654469623637
2202	60-61	0.8405292412686975
2202	62-63	0.9987700606103047
2202	64-65	1.0167571415252645
2202	66-67	0.7210861875595569
2202	68-69	0.6126538052926875
2202	70-71	0.6058882754931432
2202	72-73	0.43654874514841424
2202	74-75	0.2873348388738961
2202	76-77	0.14284586910211772
2202	78-79	0.020443386474539693
2202	80-81	-0.10119946062905072
2202	82-83	-0.13635692970593283
2202	84-85	-0.1937855222164302
2202	86-87	-0.20405028972275474
2202	88-89	-0.1385120797584669
2202	90-91	0.08957195613305302
2202	92-93	0.4080665650805848
2202	94-95	0.6667549284158483
2202	96-97	0.891083580877801
2202	98-99	0.8672371632711808
2202	100-101	0.9632954319291755
2203	1	0.3503247778958354
2203	2	0.3585510163361647
2203	3	0.3840111827335946
2203	4	0.3664044607249082
2203	5	0.3999782039152038
2203	6	0.42590983858897147
2203	7	0.45108694848860864
2203	8	0.4389385310809715
2203	9	0.4704903504674718
2203	10-11	0.4616922296378192
2203	12-13	0.5118682093041045
2203	14-15	0.49338693684962465
2203	16-17	0.602657609319543
2203	18-19	0.6076811388852406
2203	20-21	0.6205406761440031
2203	22-23	0.6295065092173289
2203	24-25	0.6427398231285153
2203	26-27	0.5741553456617652
2203	28-29	0.6078411048239616
2203	30-31	0.5605080600337118
2203	32-33	0.6146686834187349
2203	34-35	0.6303885577440198
2203	36-37	0.6080623928084705
2203	38-39	0.626934527347764
2203	40-41	0.5631500045998621
2203	42-43	0.5892670938391689
2203	44-45	0.5274056964900282
2203	46-47	0.40421606085538997
2203	48-49	0.4864557605546551
2203	50-51	0.48707132587180624
2203	52-53	0.45112242780124134
2203	54-55	0.427269060113602
2203	56-57	0.38102896060875224
2203	58-59	0.33330113064931055
2203	60-61	0.39644335439224676
2203	62-63	0.2954857161101927
2203	64-65	0.34645249721113913
2203	66-67	0.14127997489753952
2203	68-69	0.1070642240976376
2203	70-71	0.25714588980147113
2203	72-73	0.28859765368349244
2203	74-75	0.38497111346217494
2203	76-77	0.4558254557339936
2203	78-79	0.35309767239874645
2203	80-81	0.41215911563482166
2203	82-83	0.45075736629924634
2203	84-85	0.3947461332398916
2203	86-87	0.14811162544827638
2203	88-89	0.12261115099884279
2203	90-91	0.12766621665310396
2203	92-93	0.20566742966179064
2203	94-95	0.2442367028489656
2203	96-97	0.2539251619304572
2203	98-99	0.20473583358429792
2203	100-101	0.2661487297679983
2204	1	0.3132461800202293
2204	2	0.27961223897963805
2204	3	0.29951178209986296
2204	4	0.30228635494212597
2204	5	0.2851052701736094
2204	6	0.3883362338965455
2204	7	0.32232790846686754
2204	8	0.3395725246335459
2204	9	0.3333465371969311
2204	10-11	0.21286545510349697
2204	12-13	0.23620068697642438
2204	14-15	0.1567506418412563
2204	16-17	-0.018114610487373284
2204	18-19	0.07407351229790038
2204	20-21	0.09942489694547874
2204	22-23	-0.02364732417280635
2204	24-25	0.1368752428001372
2204	26-27	0.3688163700643514
2204	28-29	0.44917266137380807
2204	30-31	0.4521459334070954
2204	32-33	0.42061533774005255
2204	34-35	0.46907210418855527
2204	36-37	0.4198745910967432
2204	38-39	0.32531964049866957
2204	40-41	0.07896679979138099
2204	42-43	-0.023232420093549422
2204	44-45	0.16640087919837043
2204	46-47	0.2531128031547354
2204	48-49	0.209936152255068
2204	50-51	0.26231035298571115
2204	52-53	0.19907467984822702
2204	54-55	0.10910339511193712
2204	56-57	-0.055124436102616414
2204	58-59	0.029538909088529408
2204	60-61	0.20412105353278776
2204	62-63	0.17600207275722823
2204	64-65	0.26957759852748353
2204	66-67	0.05013076155669083
2204	68-69	-0.017161473996349486
2204	70-71	0.07537559337156452
2204	72-73	-0.03623422161584955
2204	74-75	0.1276556437104368
2204	76-77	0.07918893848238184
2204	78-79	0.02868271137240086
2204	80-81	0.15046665537072812
2204	82-83	0.15787916362658194
2204	84-85	0.17525366522112762
2204	86-87	0.4608451121279593
2204	88-89	0.3915758637609379
2204	90-91	0.23124963860090375
2204	92-93	0.4091281304393455
2204	94-95	0.3954299687388101
2204	96-97	0.3762098597021861
2204	98-99	0.3215728498694723
2204	100-101	0.4026987087145173
2205	1	-0.10081351436024022
2205	2	-0.0892265197037787
2205	3	-0.025813872067018906
2205	4	-0.07879576429216684
2205	5	-0.025957016385660836
2205	6	-0.052122902203635135
2205	7	-0.09569120207291348
2205	8	-0.07939182418114399
2205	9	0.03388486161359339
2205	10-11	0.06906152227956852
2205	12-13	0.11055960279428945
2205	14-15	0.14628924998442017
2205	16-17	0.18631435498821247
2205	18-19	0.18381757029190737
2205	20-21	0.16241464448399512
2205	22-23	0.21006045746337776
2205	24-25	0.11172990558165452
2205	26-27	-0.0509597532868753
2205	28-29	-0.017741854585352712
2205	30-31	-0.05108149041496546
2205	32-33	-0.0735451086412624
2205	34-35	-0.058085421236057755
2205	36-37	-0.07430506881404852
2205	38-39	-0.01587555393843587
2205	40-41	-0.015349942110738368
2205	42-43	0.054880491641483786
2205	44-45	0.06828900683581196
2205	46-47	0.12098776206768491
2205	48-49	0.1887799557755443
2205	50-51	0.22247338634455005
2205	52-53	0.12720183734238688
2205	54-55	0.044581186093552105
2205	56-57	-0.1867531467221326
2205	58-59	-0.209204097629609
2205	60-61	-0.20592685351589068
2205	62-63	-0.458692940667099
2205	64-65	-0.4290379346103812
2205	66-67	-0.5588832006385935
2205	68-69	-0.5522271157029088
2205	70-71	-0.3063805342429404
2205	72-73	-0.23390028998180057
2205	74-75	-0.163145922876744
2205	76-77	-0.08968365538929035
2205	78-79	-0.16293800609543396
2205	80-81	-0.08989169727099267
2205	82-83	-0.031004977605984863
2205	84-85	-0.13115525452393229
2205	86-87	-0.03828221339177773
2205	88-89	-0.12190628851715246
2205	90-91	-0.3705295009341434
2205	92-93	-0.3642959552557663
2205	94-95	-0.4492472043511988
2205	96-97	-0.8197071693709077
2205	98-99	-0.8561669273541632
2205	100-101	-0.8050037746029535
2206	1	-0.18827531449499446
2206	2	-0.1761598779728999
2206	3	-0.16127071145795924
2206	4	-0.2364741252055751
2206	5	-0.1819415325268281
2206	6	-0.1827384086491861
2206	7	-0.2319854843603153
2206	8	-0.23241538939809203
2206	9	-0.19712961978646604
2206	10-11	-0.2357855542460925
2206	12-13	-0.24052702465446885
2206	14-15	-0.24627093968968694
2206	16-17	-0.25360138874031435
2206	18-19	-0.2973301412078868
2206	20-21	-0.39081906825762047
2206	22-23	-0.393232225192115
2206	24-25	-0.3225378258646998
2206	26-27	-0.3289021310762763
2206	28-29	-0.2696402970168492
2206	30-31	-0.3622905419557938
2206	32-33	-0.3861138807739408
2206	34-35	-0.3732781305366757
2206	36-37	-0.3356243569653117
2206	38-39	-0.3470163328016511
2206	40-41	-0.35538151588207967
2206	42-43	-0.3931941639193326
2206	44-45	-0.4268810583190543
2206	46-47	-0.5104380299338587
2206	48-49	-0.45720762740083387
2206	50-51	-0.7485463896293716
2206	52-53	-0.7695247682946764
2206	54-55	-0.8429782749987282
2206	56-57	-0.7137975727243351
2206	58-59	-0.6630670014052598
2206	60-61	-0.5833606534762978
2206	62-63	-0.6160754813970044
2206	64-65	-0.6782357490702964
2206	66-67	-0.7418195100985336
2206	68-69	-0.7695733944110721
2206	70-71	-0.6650766859667065
2206	72-73	-0.668200856481711
2206	74-75	-0.6407955918730437
2206	76-77	-0.8895413246291177
2206	78-79	-1.0094160132721157
2206	80-81	-1.0731166651818072
2206	82-83	-1.0750168750438434
2206	84-85	-1.1789722757750312
2206	86-87	-1.0478833237713587
2206	88-89	-1.0834135498237458
2206	90-91	-1.2164668728617052
2206	92-93	-1.0974224595581497
2206	94-95	-1.1846025970805165
2206	96-97	-1.2838332814276434
2206	98-99	-1.2987461570701768
2206	100-101	-1.3199864694277235
2207	1	-0.6569910696827108
2207	2	-0.7271508086345975
2207	3	-0.7093533324209247
2207	4	-0.7597401922706624
2207	5	-0.6889383477380306
2207	6	-0.717887292119606
2207	7	-0.7484520227684897
2207	8	-0.7402912207678369
2207	9	-0.6800858325326828
2207	10-11	-0.5411188074550779
2207	12-13	-0.49415954190990163
2207	14-15	-0.4538366533563689
2207	16-17	-0.4424233805027029
2207	18-19	-0.47569870385407853
2207	20-21	-0.502979553015912
2207	22-23	-0.5034931123649571
2207	24-25	-0.58820708225403
2207	26-27	-0.7816188035543803
2207	28-29	-0.869545670418745
2207	30-31	-0.9237671734068584
2207	32-33	-0.9069599786642684
2207	34-35	-0.9238448969019117
2207	36-37	-0.9707912137835706
2207	38-39	-0.9007869551392034
2207	40-41	-0.8487741862727418
2207	42-43	-0.7846192103901188
2207	44-45	-0.770915980642485
2207	46-47	-0.6631689598581083
2207	48-49	-0.6678579830983011
2207	50-51	-0.6912137314940416
2207	52-53	-0.8173129765167104
2207	54-55	-0.9029293052000895
2207	56-57	-1.0073957206704272
2207	58-59	-1.045164242195547
2207	60-61	-1.0783436070373362
2207	62-63	-1.014756787628265
2207	64-65	-1.1837289459676406
2207	66-67	-1.1901380631504743
2207	68-69	-1.1594156502656148
2207	70-71	-1.0367573108141812
2207	72-73	-0.9972572201011793
2207	74-75	-0.9305150658285619
2207	76-77	-0.9920734632307031
2207	78-79	-1.0509354787756386
2207	80-81	-1.019642899717681
2207	82-83	-0.9134114002627136
2207	84-85	-1.008472919514439
2207	86-87	-0.9174587054077854
2207	88-89	-1.0127717620715124
2207	90-91	-1.3268618919027695
2207	92-93	-1.415395028021642
2207	94-95	-1.4122838633674988
2207	96-97	-1.6044568763876121
2207	98-99	-1.582939097814883
2207	100-101	-1.6235466498518072
2208	1	-1.0348813452988423
2208	2	-1.0339717278360467
2208	3	-1.1375031476042068
2208	4	-1.1361908772095006
2208	5	-1.0010031975979885
2208	6	-1.0416087594038999
2208	7	-1.1631456534698543
2208	8	-1.091237338641207
2208	9	-1.1833546535888715
2208	10-11	-1.1861315571996016
2208	12-13	-1.204373090411643
2208	14-15	-1.1541068069479437
2208	16-17	-1.0931850002693153
2208	18-19	-1.1402528023897247
2208	20-21	-1.2440157272060972
2208	22-23	-1.1236743101907436
2208	24-25	-1.2020690233259899
2208	26-27	-1.3602611159741826
2208	28-29	-1.6132108321156338
2208	30-31	-1.8094897210944296
2208	32-33	-1.9230199669094041
2208	34-35	-1.9273963434928127
2208	36-37	-1.6323970101854215
2208	38-39	-1.4322765852786645
2208	40-41	-1.1877877150738243
2208	42-43	-1.0206825146279286
2208	44-45	-0.9252881998860616
2208	46-47	-0.7142928749078195
2208	48-49	-0.7506760496468239
2208	50-51	-0.955815420286882
2208	52-53	-1.184041148178654
2208	54-55	-1.1690730395682465
2208	56-57	-1.0509009640813858
2208	58-59	-1.1215959695943738
2208	60-61	-1.0512930990963483
2208	62-63	-1.0572053660001082
2208	64-65	-1.0430761590095372
2208	66-67	-0.9122490741342411
2208	68-69	-0.8773916510695585
2208	70-71	-0.6929690888234425
2208	72-73	-0.4992411739506899
2208	74-75	-0.506268941907738
2208	76-77	-0.5938275507875765
2208	78-79	-0.602359665689395
2208	80-81	-0.57493956463723
2208	82-83	-0.4002264736563923
2208	84-85	-0.5401466835209305
2208	86-87	-0.36075411817122216
2208	88-89	-0.3967665888100207
2208	90-91	-0.7764918061281669
2208	92-93	-0.924522539223684
2208	94-95	-1.0095441792226048
2208	96-97	-1.4856959766874418
2208	98-99	-1.4779308911657854
2208	100-101	-1.68799518562564
>>END_MODULE
>>Per sequence quality scores	pass
#Quality	Count
2	399532.0
3	85715.0
4	136542.0
5	154023.0
6	184874.0
7	197281.0
8	211517.0
9	211039.0
10	225458.0
11	246907.0
12	289489.0
13	325340.0
14	365592.0
15	406182.0
16	444213.0
17	493574.0
18	546242.0
19	612901.0
20	684221.0
21	762044.0
22	841731.0
23	930103.0
24	1025158.0
25	1123747.0
26	1235760.0
27	1352478.0
28	1490216.0
29	1647116.0
30	1836734.0
31	2075611.0
32	2391067.0
33	2836765.0
34	3464718.0
35	4330132.0
36	5340682.0
37	5239829.0
38	1376809.0
>>END_MODULE
>>Per base sequence content	pass
#Base	G	A	T	C
1	17.68714325874482	30.81925472937779	32.150496351562126	19.343105660315267
2	18.911006621904953	32.339835235964706	30.683254021816843	18.0659041203135
3	19.15823131927877	31.581158130179904	30.493094865261224	18.767515685280102
4	20.306290618585017	29.66833666722743	30.34436682468632	19.68100588950124
5	20.269499084627164	30.16952575783025	30.616733575209626	18.944241582332964
6	20.170349986606283	30.482394389866624	29.339152611098328	20.008103012428762
7	20.423038055424637	30.362933939864956	30.321386394979307	18.8926416097311
8	19.705078114788442	30.685802277094552	30.382430289511237	19.226689318605768
9	19.405864616205733	30.253354569379788	30.72837132086308	19.612409493551397
10-11	19.481845460531456	30.45858467880846	30.548867605880336	19.510702254779748
12-13	19.478390721779355	30.54931992352725	30.583133753749575	19.389155600943816
14-15	19.463906038607153	30.5744905306769	30.591781453629945	19.369821977086
16-17	19.42133793067148	30.455119737041723	30.706933005665054	19.41660932662174
18-19	19.58769694357856	30.255548920663266	30.65821249704327	19.498541638714904
20-21	19.598983452501045	30.272950771288915	30.58516066568545	19.542905110524586
22-23	19.61491337007926	30.321388368789126	30.535991170712943	19.527707090418662
24-25	19.648293767447605	30.283357987733474	30.44514383886255	19.62320440595637
26-27	19.73460382604713	30.33218792187629	30.33914839329649	19.594059858780085
28-29	19.668276648591213	30.333122698943775	30.39537279486059	19.603227857604416
30-31	19.671969246706297	30.340172460468157	30.383603574979983	19.604254717845564
32-33	19.71363505474659	30.396344000310034	30.2501202306182	19.639900714325183
34-35	19.686508843297233	30.404337263104008	30.297265497910796	19.61188839568796
36-37	19.72597600916778	30.426521759030976	30.22949670974835	19.618005522052893
38-39	19.77835363465339	30.40234732095552	30.189353820016997	19.629945224374097
40-41	19.755006344057254	30.367966744038434	30.18974594378171	19.6872809681226
42-43	19.670112098189023	30.45361118747334	30.198769183913775	19.67750753042386
44-45	19.70999998198647	30.441211509098302	30.220614980990675	19.62817352792455
46-47	19.775036369765022	30.414920805535562	30.117152176492535	19.69289064820688
48-49	19.761867836400924	30.387256714570682	30.152717799816426	19.69815764921197
50-51	19.771660883870652	30.374484817449282	30.165904433127295	19.687949865552767
52-53	19.767582079461143	30.364418964099375	30.206876137273614	19.661122819165865
54-55	19.71633757886196	30.393712052419637	30.16536837996851	19.724581988749893
56-57	19.784505574472306	30.42773463481772	30.089927503812504	19.69783228689747
58-59	19.693974531770174	30.350356322974836	30.273055218802646	19.682613926452344
60-61	19.7826362412602	30.348263897843786	30.15286653895221	19.716233321943804
62-63	19.718816725570175	30.428219800725557	30.173183382862483	19.679780090841785
64-65	19.778810563185946	30.453037830035857	30.150109590354347	19.618042016423857
66-67	19.82642119821511	30.34472380010238	30.10435852264637	19.72449647903614
68-69	19.81812508954591	30.29843232653378	30.152914867931617	19.73052771598869
70-71	19.715399647049068	30.388558184422592	30.221029072473304	19.675013096055032
72-73	19.852426582678515	30.32635659115674	30.16524644638113	19.655970379783618
74-75	19.877972841837572	30.361720223450355	30.114942569136034	19.64536436557604
76-77	19.830383076140418	30.292678981212813	30.14102264384033	19.735915298806436
78-79	19.82900410989767	30.359415261347383	30.133148795659036	19.678431833095907
80-81	19.850463214497253	30.331863038357188	30.112024701403868	19.70564904574169
82-83	19.862946273666314	30.273335209069973	30.16749551397923	19.69622300328448
84-85	19.876684342012112	30.34651314261089	30.100754229005116	19.676048286371884
86-87	19.874660026656446	30.35314133813886	30.116031357727575	19.656167277477117
88-89	19.940914551606404	30.31385423754508	30.075875333951096	19.669355876897416
90-91	19.9362361401377	30.30586347926964	30.023837992727813	19.73406238786485
92-93	19.983075191412414	30.305494947842266	30.003994609824993	19.707435250920327
94-95	20.05242431999441	30.357929878627615	29.93496552651716	19.654680274860816
96-97	20.1057687715531	30.183913635449567	30.04617743913244	19.6641401538649
98-99	20.076342494442187	30.183018491328482	30.03097696334194	19.70966205088739
100-101	20.341910705971326	30.104784633044517	29.83554291457324	19.71776174641092
>>END_MODULE
>>Per sequence GC content	warn
#GC Content	Count
0	98.0
1	98.0
2	95.0
3	103.5
4	126.0
5	135.5
6	170.0
7	221.0
8	310.5
9	513.5
10	863.5
11	1491.0
12	2622.0
13	4833.5
14	8256.0
15	13289.5
16	21472.5
17	33493.0
18	49784.5
19	71989.0
20	103551.0
21	145092.5
22	195428.0
23	255334.0
24	325274.5
25	407415.5
26	501679.0
27	608084.0
28	729565.5
29	863833.0
30	1010384.5
31	1166892.0
32	1338368.5
33	1535942.0
34	1776815.0
35	2063920.0
36	2349605.0
37	2557745.5
38	2650185.5
39	2640422.0
40	2538096.0
41	2346645.0
42	2112896.5
43	1894968.5
44	1705734.0
45	1536878.5
46	1375080.5
47	1211112.5
48	1049030.5
49	900384.0
50	770525.5
51	662679.0
52	575166.0
53	502688.0
54	440419.5
55	388542.5
56	345178.0
57	299663.5
58	254151.5
59	215950.0
60	184723.5
61	157070.0
62	129420.0
63	101544.5
64	77201.0
65	59629.5
66	47457.5
67	38652.0
68	31935.5
69	26077.5
70	21325.5
71	17589.5
72	14308.0
73	11499.5
74	9381.5
75	7501.0
76	5873.0
77	4637.0
78	3712.0
79	3040.5
80	2388.0
81	1716.0
82	1158.5
83	780.5
84	539.5
85	329.0
86	201.0
87	128.5
88	80.0
89	56.0
90	38.0
91	24.0
92	15.5
93	13.0
94	10.0
95	7.5
96	7.0
97	8.0
98	6.5
99	4.5
100	6.0
>>END_MODULE
>>Per base N content	pass
#Base	N-Count
1	1.7354497149930248E-4
2	0.0
3	0.0
4	0.0
5	0.0
6	0.0
7	0.0
8	0.0
9	0.0
10-11	0.0
12-13	6.04112242560863E-5
14-15	7.644765833133831E-4
16-17	0.0011159600698942486
18-19	4.712075491974731E-4
20-21	4.4594467359947344E-4
22-23	0.0062190609406901935
24-25	1.23019220303303E-4
26-27	0.0
28-29	2.7899001747356216E-4
30-31	0.014800749942741142
32-33	0.03533836941801936
34-35	0.04924942678535268
36-37	0.0032852722136355295
38-39	0.0
40-41	0.0
42-43	0.0
44-45	0.0
46-47	0.007581059451191048
48-49	0.018040988334658496
50-51	0.03379733400654137
52-53	0.04268107912987275
54-55	0.039062995989880965
56-57	8.710200151832079E-4
58-59	0.0
60-61	0.0
62-63	0.0
64-65	0.0
66-67	0.0
68-69	0.0
70-71	0.0
72-73	0.0
74-75	0.0
76-77	0.0
78-79	3.075480507582575E-5
80-81	0.027840787294891263
82-83	0.08125749016801834
84-85	0.08291165932673954
86-87	0.08629688465687149
88-89	0.0717158118932434
90-91	2.2297233679973672E-4
92-93	0.0
94-95	0.001064335932802684
96-97	0.001379572684829898
98-99	0.004109061635309433
100-101	0.01178458227351909
>>END_MODULE
>>Sequence Length Distribution	pass
#Length	Count
101	4.5521342E7
>>END_MODULE
>>Sequence Duplication Levels	pass
#Total Deduplicated Percentage	71.72957065070811
#Duplication Level	Percentage of deduplicated	Percentage of total
1	89.31937538967382	64.06840447490727
2	7.91580536606863	11.355946405253484
3	1.1158490255419546	2.4011811453940632
4	0.3264855488575975	0.9367467297286504
5	0.1780486178611851	0.6385675457067401
6	0.12056186198163411	0.5188710358075528
7	0.0864730398677276	0.43418718158015657
8	0.07968204979696009	0.45724473764034324
9	0.06984319319201938	0.4508840034484209
>10	0.6876987322322424	10.166736686568973
>50	0.07461513714096171	3.6135135713022795
>100	0.023666851228207348	2.9330632052095256
>500	8.622234113607652E-4	0.42947120646657444
>1k	0.001029898365289596	1.5841771114610048
>5k	3.0647804808810123E-6	0.011004959524895223
>10k+	0.0	0.0
>>END_MODULE
>>Overrepresented sequences	pass
>>END_MODULE
>>Adapter Content	pass
#Position	Illumina Universal Adapter	Illumina Small RNA 3' Adapter	Illumina Small RNA 5' Adapter	Nextera Transposase Sequence	SOLID Small RNA Adapter
1	2.196771791130411E-6	0.0	0.0	8.787087164521644E-6	0.0
2	6.590315373391233E-6	4.393543582260822E-6	0.0	1.3180630746782465E-5	0.0
3	1.0983858955652055E-5	4.393543582260822E-6	0.0	2.636126149356493E-5	0.0
4	1.3180630746782465E-5	6.590315373391233E-6	0.0	4.1738664031477807E-5	2.196771791130411E-6
5	1.3180630746782465E-5	8.787087164521644E-6	0.0	5.4919294778260274E-5	2.196771791130411E-6
6	2.416448970243452E-5	1.0983858955652055E-5	0.0	5.931283836052109E-5	4.393543582260822E-6
7	3.2951576866956164E-5	1.3180630746782465E-5	0.0	6.590315373391233E-5	4.393543582260822E-6
8	4.1738664031477807E-5	1.5377402537912876E-5	0.0	7.249346910730357E-5	6.590315373391233E-6
9	4.1738664031477807E-5	2.416448970243452E-5	0.0	9.446118701860766E-5	6.590315373391233E-6
10-11	4.723059350930383E-5	2.636126149356493E-5	3.2951576866956168E-6	1.0324827418312931E-4	6.590315373391233E-6
12-13	6.919831142060794E-5	3.734512044921698E-5	1.0983858955652055E-5	1.252159920944334E-4	1.2082244851217261E-5
14-15	8.896925754078164E-5	4.8328979404869043E-5	1.0983858955652055E-5	1.4279016642347673E-4	1.5377402537912876E-5
16-17	9.665795880973809E-5	5.711606656939068E-5	1.3180630746782465E-5	1.7244658560373725E-4	2.196771791130411E-5
18-19	1.1423213313878136E-4	6.919831142060794E-5	1.3180630746782465E-5	1.9221753172391095E-4	2.416448970243452E-5
20-21	1.4608532411017233E-4	7.688701268956438E-5	1.3180630746782465E-5	2.0649654836625862E-4	2.416448970243452E-5
22-23	1.7024981381260685E-4	8.787087164521644E-5	1.3180630746782465E-5	2.2736588038199754E-4	2.7459647389130137E-5
24-25	2.021030047839978E-4	9.995311649643369E-5	1.3180630746782465E-5	2.416448970243452E-4	3.404996276252137E-5
26-27	2.427432829199104E-4	1.1313374724321616E-4	1.3180630746782465E-5	2.647110008312145E-4	3.624673455365178E-5
28-29	2.77891631577997E-4	1.241176061988682E-4	1.5377402537912876E-5	2.822851751602578E-4	3.844350634478219E-5
30-31	3.394012417296485E-4	1.3290469336338986E-4	1.5377402537912876E-5	2.976625776981707E-4	4.5033821718173425E-5
32-33	4.3276404285269094E-4	1.3729823694565068E-4	1.5377402537912876E-5	3.185319097139096E-4	5.272252298712986E-5
34-35	5.173397568112117E-4	1.427901664234767E-4	1.7574174329043288E-5	3.37204469938518E-4	5.821445246495589E-5
36-37	6.601299232346885E-4	1.4718371000573753E-4	1.7574174329043288E-5	3.52581872476431E-4	5.931283836052109E-5
38-39	8.842006459299904E-4	1.5157725358799835E-4	2.0869332015738903E-5	3.7784474807443064E-4	6.15096101516515E-5
40-41	0.0011346326301188573	1.5706918306582438E-4	2.416448970243452E-5	4.031076236724304E-4	6.15096101516515E-5
42-43	0.0015190676935666792	1.6695465612591123E-4	2.416448970243452E-5	4.217801838970389E-4	6.370638194278192E-5
44-45	0.0019968655581375436	1.7024981381260685E-4	2.416448970243452E-5	4.448462877039082E-4	6.919831142060794E-5
46-47	0.002629535833983102	1.7793851508156327E-4	2.5262875597999724E-5	4.690107774063427E-4	7.029669731617315E-5
48-49	0.003385225330131963	1.8782398814165012E-4	2.7459647389130137E-5	4.887817235265165E-4	7.029669731617315E-5
50-51	0.004361690391289431	1.9990623299286737E-4	2.8558033284695343E-5	5.030607401688642E-4	7.359185500286876E-5
52-53	0.0056127519263382	2.0539816247069342E-4	3.185319097139096E-5	5.206349144979074E-4	7.688701268956438E-5
54-55	0.007204313089012182	2.1418524963521504E-4	3.2951576866956164E-5	5.480945618870375E-4	8.896925754078164E-5
56-57	0.009072667497368597	2.196771791130411E-4	3.2951576866956164E-5	5.788493669628633E-4	9.226441522747726E-5
58-59	0.011418819770295876	2.2516910859086712E-4	3.2951576866956164E-5	6.04112242560863E-4	9.446118701860766E-5
60-61	0.014218605418091584	2.3066103806869314E-4	3.2951576866956164E-5	6.260799604721672E-4	9.665795880973807E-5
62-63	0.01767742260322642	2.3505458165095397E-4	3.404996276252137E-5	6.436541348012104E-4	1.010515023919989E-4
64-65	0.021812845500029415	2.383497393376496E-4	3.5148348658086576E-5	6.590315373391233E-4	1.0214988828756411E-4
66-67	0.02679182876462649	2.449400547110408E-4	3.5148348658086576E-5	6.689170103992101E-4	1.0654343186982494E-4
68-69	0.03281867217359277	2.614158431445189E-4	3.5148348658086576E-5	6.755073257726013E-4	1.0764181776539013E-4
70-71	0.03977255327841609	2.7020293030904056E-4	3.624673455365178E-5	6.853927988326882E-4	1.0983858955652055E-4
72-73	0.04810271191038261	2.77891631577997E-4	3.734512044921698E-5	7.106556744306879E-4	1.1423213313878137E-4
74-75	0.05797500433972268	2.8997387642921426E-4	3.9541892240347394E-5	7.348201641331224E-4	1.1642890492991178E-4
76-77	0.06945972726375246	2.976625776981707E-4	3.9541892240347394E-5	7.523943384621657E-4	1.2192083440773781E-4
78-79	0.08284685455890119	3.1194159434051836E-4	3.9541892240347394E-5	7.798539858512958E-4	1.23019220303303E-4
80-81	0.09865152921018892	3.196302956094748E-4	3.9541892240347394E-5	7.941330024936436E-4	1.2741276388556383E-4
82-83	0.11671887880634099	3.2622061098286603E-4	3.9541892240347394E-5	8.106087909271216E-4	1.3290469336338986E-4
84-85	0.1380242700226193	3.3610608404295285E-4	4.1738664031477807E-5	8.314781229428606E-4	1.394950087367811E-4
86-87	0.1626687543614158	3.4159801352077893E-4	4.613220761373863E-5	8.600361562275559E-4	1.438885523190419E-4
88-89	0.19075228493922697	3.448931712074745E-4	4.613220761373863E-5	8.798071023477295E-4	1.4608532411017233E-4
90	0.2151254679618189	3.448931712074745E-4	4.832897940486904E-5	8.918893471989468E-4	1.4938048179686793E-4
>>END_MODULE
